0.481481,0.452830,0.411765,0.354167,0.360000,0.352941,0.358491,0.363636,0.385965,0.396552,0.389831,0.409836,0.403226,0.412698,0.412698,0.412698,0.419355,0.403226,0.400000,0.396552,0.357143,0.333333,0.307692,0.260000,0.208333,0.187500,0.230769,0.285714,0.316667,0.333333,0.353846,0.373134,0.388060,0.400000,0.415385,0.412698,0.435484,0.426230,0.416667,0.416667,0.406780,0.389831,0.385965,0.379310,0.368421,0.385965,0.385965,0.396552,0.423729,0.423729,0.440678,0.440678,0.457627,0.456140,0.456140,0.464286,0.472727,0.471698,0.470588,0.509434,0.547170,0.574074,0.584906,0.584906,0.588235,0.600000,0.583333,0.553191,0.522727,0.500000,0.511628,0.534884,0.547619,0.589744,0.694444,0.774194,0.821429,0.700000,0.625000,0.593750,0.593750,0.606061,0.612903,0.633333,0.593750,0.588235,0.594595,0.552632,0.538462,0.487179,0.473684,0.411765,0.428571,0.444444,0.428571,0.406250,0.379310,0.392857,0.354839,0.294118,0.257143,0.216216,0.195122,0.204545,0.208333,0.220000,0.211538,0.185185,0.166667,0.163636,0.160714,0.172414,0.169492
0.481481,0.452830,0.411765,0.354167,0.360000,0.352941,0.358491,0.363636,0.385965,0.396552,0.406780,0.409836,0.419355,0.412698,0.428571,0.428571,0.419355,0.419355,0.416667,0.396552,0.375000,0.351852,0.326923,0.280000,0.229167,0.208333,0.250000,0.303571,0.333333,0.365079,0.384615,0.402985,0.402985,0.430769,0.446154,0.444444,0.467742,0.459016,0.450000,0.450000,0.440678,0.423729,0.403509,0.413793,0.403509,0.403509,0.421053,0.431034,0.440678,0.457627,0.474576,0.474576,0.474576,0.491228,0.491228,0.500000,0.490909,0.509434,0.509804,0.547170,0.566038,0.611111,0.622642,0.622642,0.627451,0.620000,0.604167,0.574468,0.545455,0.523810,0.534884,0.558140,0.571429,0.615385,0.694444,0.774194,0.821429,0.700000,0.625000,0.593750,0.562500,0.575758,0.580645,0.600000,0.562500,0.529412,0.567568,0.500000,0.487179,0.461538,0.421053,0.382353,0.371429,0.388889,0.371429,0.343750,0.344828,0.321429,0.290323,0.264706,0.200000,0.162162,0.170732,0.181818,0.187500,0.200000,0.192308,0.185185,0.166667,0.163636,0.160714,0.172414,0.169492
0.481481,0.452830,0.411765,0.354167,0.360000,0.352941,0.358491,0.363636,0.385965,0.396552,0.406780,0.409836,0.419355,0.428571,0.444444,0.428571,0.435484,0.435484,0.433333,0.431034,0.392857,0.370370,0.346154,0.300000,0.270833,0.250000,0.288462,0.339286,0.366667,0.396825,0.415385,0.432836,0.447761,0.461538,0.476923,0.492063,0.500000,0.491803,0.500000,0.483333,0.474576,0.474576,0.456140,0.448276,0.456140,0.456140,0.456140,0.482759,0.491525,0.491525,0.508475,0.525424,0.525424,0.526316,0.526316,0.553571,0.545455,0.547170,0.549020,0.603774,0.622642,0.648148,0.660377,0.660377,0.666667,0.660000,0.645833,0.617021,0.590909,0.571429,0.581395,0.581395,0.595238,0.641026,0.694444,0.774194,0.821429,0.700000,0.625000,0.562500,0.531250,0.545455,0.548387,0.566667,0.500000,0.500000,0.513514,0.473684,0.435897,0.410256,0.368421,0.323529,0.314286,0.333333,0.342857,0.281250,0.275862,0.285714,0.258065,0.235294,0.171429,0.135135,0.146341,0.159091,0.166667,0.180000,0.192308,0.185185,0.166667,0.163636,0.160714,0.172414,0.169492
0.481481,0.452830,0.392157,0.354167,0.360000,0.352941,0.358491,0.363636,0.385965,0.396552,0.406780,0.426230,0.435484,0.428571,0.444444,0.444444,0.451613,0.451613,0.450000,0.448276,0.428571,0.407407,0.384615,0.340000,0.312500,0.291667,0.326923,0.375000,0.416667,0.428571,0.446154,0.477612,0.477612,0.492308,0.523077,0.523810,0.532258,0.540984,0.533333,0.533333,0.525424,0.525424,0.508772,0.517241,0.508772,0.508772,0.526316,0.534483,0.542373,0.559322,0.576271,0.576271,0.576271,0.596491,0.596491,0.607143,0.618182,0.622642,0.627451,0.660377,0.679245,0.703704,0.716981,0.716981,0.725490,0.720000,0.708333,0.659574,0.636364,0.619048,0.604651,0.627907,0.619048,0.666667,0.722222,0.774194,0.821429,0.700000,0.593750,0.531250,0.500000,0.515152,0.516129,0.500000,0.468750,0.441176,0.486486,0.421053,0.410256,0.358974,0.342105,0.264706,0.285714,0.277778,0.285714,0.250000,0.241379,0.250000,0.225806,0.205882,0.171429,0.135135,0.146341,0.159091,0.187500,0.200000,0.192308,0.185185,0.166667,0.163636,0.160714,0.172414,0.169492
0.481481,0.433962,0.392157,0.354167,0.340000,0.352941,0.358491,0.363636,0.385965,0.413793,0.423729,0.426230,0.435484,0.444444,0.460317,0.460317,0.467742,0.467742,0.483333,0.482759,0.464286,0.444444,0.423077,0.400000,0.354167,0.333333,0.365385,0.428571,0.450000,0.460317,0.492308,0.507463,0.507463,0.538462,0.553846,0.555556,0.580645,0.573770,0.583333,0.566667,0.576271,0.559322,0.561404,0.568966,0.561404,0.578947,0.578947,0.603448,0.610169,0.627119,0.644068,0.661017,0.661017,0.666667,0.684211,0.696429,0.690909,0.698113,0.705882,0.735849,0.754717,0.777778,0.792453,0.792453,0.803922,0.780000,0.770833,0.723404,0.681818,0.666667,0.651163,0.651163,0.642857,0.666667,0.750000,0.806452,0.821429,0.666667,0.562500,0.500000,0.468750,0.454545,0.483871,0.466667,0.406250,0.411765,0.432432,0.368421,0.358974,0.307692,0.289474,0.235294,0.257143,0.277778,0.285714,0.250000,0.241379,0.250000,0.225806,0.205882,0.171429,0.162162,0.170732,0.181818,0.187500,0.200000,0.192308,0.185185,0.185185,0.181818,0.178571,0.189655,0.186441
0.481481,0.433962,0.392157,0.333333,0.340000,0.352941,0.339623,0.363636,0.385965,0.413793,0.423729,0.442623,0.451613,0.460317,0.476190,0.476190,0.500000,0.500000,0.500000,0.500000,0.500000,0.481481,0.461538,0.440000,0.395833,0.375000,0.423077,0.464286,0.500000,0.507937,0.523077,0.552239,0.552239,0.569231,0.600000,0.603175,0.629032,0.622951,0.616667,0.616667,0.627119,0.610169,0.614035,0.620690,0.631579,0.649123,0.666667,0.672414,0.694915,0.711864,0.728814,0.745763,0.745763,0.754386,0.771930,0.785714,0.781818,0.792453,0.803922,0.830189,0.849057,0.870370,0.886792,0.867925,0.882353,0.860000,0.833333,0.787234,0.750000,0.714286,0.697674,0.697674,0.666667,0.692308,0.750000,0.806452,0.785714,0.666667,0.562500,0.468750,0.437500,0.424242,0.419355,0.400000,0.375000,0.352941,0.405405,0.342105,0.333333,0.282051,0.263158,0.205882,0.228571,0.250000,0.257143,0.250000,0.241379,0.250000,0.258065,0.235294,0.200000,0.162162,0.195122,0.204545,0.208333,0.220000,0.211538,0.203704,0.185185,0.200000,0.196429,0.206897,0.203390
0.481481,0.433962,0.392157,0.333333,0.340000,0.333333,0.339623,0.363636,0.385965,0.413793,0.423729,0.442623,0.451613,0.476190,0.492063,0.492063,0.500000,0.516129,0.516667,0.534483,0.517857,0.518519,0.500000,0.480000,0.437500,0.416667,0.461538,0.500000,0.533333,0.539683,0.569231,0.582090,0.597015,0.615385,0.646154,0.666667,0.677419,0.688525,0.700000,0.683333,0.694915,0.694915,0.684211,0.689655,0.701754,0.719298,0.736842,0.758621,0.779661,0.796610,0.830508,0.830508,0.830508,0.859649,0.859649,0.875000,0.872727,0.886792,0.901961,0.924528,0.943396,0.944444,0.962264,0.943396,0.941176,0.920000,0.895833,0.829787,0.795455,0.738095,0.720930,0.697674,0.690476,0.692308,0.750000,0.774194,0.750000,0.633333,0.531250,0.437500,0.406250,0.393939,0.387097,0.366667,0.343750,0.323529,0.378378,0.315789,0.307692,0.282051,0.263158,0.205882,0.228571,0.250000,0.285714,0.250000,0.241379,0.285714,0.258065,0.264706,0.228571,0.189189,0.219512,0.227273,0.229167,0.240000,0.230769,0.222222,0.203704,0.218182,0.214286,0.224138,0.220339
0.462963,0.433962,0.372549,0.333333,0.320000,0.333333,0.339623,0.363636,0.385965,0.413793,0.423729,0.442623,0.451613,0.476190,0.492063,0.507937,0.516129,0.516129,0.533333,0.551724,0.535714,0.537037,0.519231,0.500000,0.458333,0.458333,0.480769,0.535714,0.566667,0.571429,0.600000,0.626866,0.641791,0.661538,0.692308,0.714286,0.758065,0.770492,0.783333,0.783333,0.779661,0.779661,0.789474,0.793103,0.807018,0.842105,0.859649,0.879310,0.881356,0.898305,0.932203,0.932203,0.932203,0.947368,0.947368,0.964286,0.963636,0.962264,0.980392,0.981132,0.981132,1.000000,1.000000,0.981132,0.980392,0.940000,0.916667,0.851064,0.818182,0.761905,0.720930,0.697674,0.666667,0.692308,0.722222,0.741935,0.714286,0.600000,0.468750,0.406250,0.375000,0.363636,0.354839,0.333333,0.312500,0.294118,0.351351,0.315789,0.307692,0.282051,0.263158,0.205882,0.228571,0.277778,0.285714,0.281250,0.275862,0.321429,0.290323,0.294118,0.257143,0.243243,0.243902,0.250000,0.250000,0.260000,0.250000,0.240741,0.222222,0.218182,0.214286,0.241379,0.237288
0.462963,0.433962,0.372549,0.333333,0.320000,0.333333,0.320755,0.345455,0.368421,0.396552,0.406780,0.442623,0.451613,0.460317,0.492063,0.492063,0.516129,0.532258,0.533333,0.551724,0.535714,0.537037,0.538462,0.500000,0.479167,0.479167,0.519231,0.571429,0.583333,0.603175,0.630769,0.656716,0.671642,0.707692,0.753846,0.777778,0.822581,0.836066,0.866667,0.866667,0.881356,0.898305,0.912281,0.913793,0.929825,0.947368,0.964912,0.965517,0.983051,0.983051,1.000000,1.000000,1.000000,1.000000,1.000000,1.000000,1.000000,1.000000,1.000000,1.000000,1.000000,1.000000,1.000000,0.981132,0.980392,0.940000,0.916667,0.851064,0.795455,0.738095,0.697674,0.674419,0.642857,0.641026,0.666667,0.677419,0.678571,0.533333,0.437500,0.343750,0.312500,0.333333,0.322581,0.300000,0.281250,0.264706,0.324324,0.289474,0.307692,0.282051,0.263158,0.235294,0.257143,0.305556,0.314286,0.312500,0.310345,0.357143,0.322581,0.323529,0.285714,0.270270,0.268293,0.272727,0.270833,0.280000,0.269231,0.259259,0.240741,0.236364,0.232143,0.241379,0.237288
0.462963,0.433962,0.372549,0.312500,0.320000,0.313725,0.320755,0.345455,0.368421,0.396552,0.406780,0.426230,0.435484,0.460317,0.476190,0.492063,0.500000,0.516129,0.533333,0.534483,0.535714,0.537037,0.538462,0.520000,0.500000,0.500000,0.538462,0.589286,0.616667,0.634921,0.661538,0.701493,0.716418,0.769231,0.800000,0.841270,0.887097,0.918033,0.933333,0.950000,0.966102,0.983051,0.982456,0.982759,1.000000,1.000000,1.000000,1.000000,1.000000,1.000000,1.000000,1.000000,0.983051,0.982456,0.964912,0.982143,0.963636,0.962264,0.960784,0.962264,0.962264,0.962963,0.962264,0.943396,0.941176,0.900000,0.875000,0.808511,0.772727,0.714286,0.674419,0.651163,0.595238,0.589744,0.611111,0.645161,0.607143,0.500000,0.375000,0.312500,0.281250,0.272727,0.290323,0.266667,0.250000,0.264706,0.324324,0.289474,0.307692,0.282051,0.289474,0.235294,0.285714,0.333333,0.342857,0.343750,0.344828,0.392857,0.354839,0.352941,0.314286,0.270270,0.268293,0.295455,0.291667,0.300000,0.288462,0.277778,0.240741,0.236364,0.232143,0.241379,0.237288
0.481481,0.433962,0.372549,0.312500,0.320000,0.313725,0.320755,0.327273,0.350877,0.379310,0.389831,0.409836,0.435484,0.444444,0.476190,0.476190,0.500000,0.500000,0.516667,0.534483,0.535714,0.537037,0.538462,0.520000,0.500000,0.500000,0.557692,0.607143,0.650000,0.666667,0.707692,0.746269,0.776119,0.830769,0.876923,0.904762,0.951613,0.983607,1.000000,1.000000,1.000000,1.000000,1.000000,1.000000,1.000000,0.982456,0.982456,0.965517,0.966102,0.949153,0.949153,0.932203,0.915254,0.912281,0.894737,0.892857,0.872727,0.886792,0.882353,0.886792,0.886792,0.888889,0.886792,0.867925,0.862745,0.840000,0.812500,0.765957,0.704545,0.642857,0.604651,0.581395,0.547619,0.538462,0.555556,0.580645,0.535714,0.433333,0.343750,0.281250,0.250000,0.242424,0.258065,0.233333,0.218750,0.235294,0.324324,0.289474,0.307692,0.282051,0.289474,0.264706,0.314286,0.333333,0.371429,0.375000,0.413793,0.428571,0.419355,0.382353,0.342857,0.297297,0.292683,0.295455,0.291667,0.300000,0.288462,0.277778,0.240741,0.236364,0.232143,0.241379,0.237288
0.462963,0.433962,0.372549,0.312500,0.300000,0.313725,0.301887,0.327273,0.350877,0.379310,0.389831,0.409836,0.435484,0.444444,0.476190,0.476190,0.500000,0.500000,0.516667,0.534483,0.535714,0.537037,0.538462,0.540000,0.520833,0.541667,0.576923,0.642857,0.683333,0.714286,0.769231,0.805970,0.835821,0.892308,0.938462,0.968254,1.000000,1.000000,1.000000,0.983333,0.983051,0.966102,0.964912,0.948276,0.929825,0.912281,0.912281,0.896552,0.864407,0.847458,0.847458,0.830508,0.813559,0.807018,0.789474,0.785714,0.781818,0.773585,0.764706,0.792453,0.792453,0.796296,0.792453,0.792453,0.784314,0.760000,0.729167,0.680851,0.636364,0.571429,0.534884,0.534884,0.500000,0.487179,0.500000,0.516129,0.500000,0.400000,0.312500,0.250000,0.218750,0.212121,0.225806,0.233333,0.218750,0.235294,0.297297,0.289474,0.307692,0.282051,0.289474,0.264706,0.314286,0.361111,0.400000,0.406250,0.448276,0.464286,0.451613,0.411765,0.371429,0.324324,0.317073,0.318182,0.291667,0.300000,0.288462,0.277778,0.240741,0.236364,0.232143,0.241379,0.237288
0.462963,0.415094,0.372549,0.312500,0.300000,0.313725,0.301887,0.327273,0.350877,0.379310,0.389831,0.426230,0.435484,0.444444,0.476190,0.476190,0.500000,0.516129,0.516667,0.551724,0.553571,0.555556,0.576923,0.560000,0.562500,0.583333,0.634615,0.696429,0.750000,0.777778,0.815385,0.850746,0.880597,0.923077,0.953846,0.968254,0.983871,0.983607,0.983333,0.950000,0.932203,0.898305,0.877193,0.844828,0.824561,0.807018,0.789474,0.775862,0.762712,0.728814,0.728814,0.711864,0.694915,0.684211,0.666667,0.678571,0.654545,0.660377,0.647059,0.679245,0.679245,0.703704,0.698113,0.698113,0.686275,0.680000,0.645833,0.595745,0.545455,0.500000,0.465116,0.465116,0.428571,0.435897,0.472222,0.483871,0.464286,0.366667,0.281250,0.218750,0.187500,0.181818,0.193548,0.200000,0.187500,0.235294,0.297297,0.289474,0.282051,0.282051,0.289474,0.264706,0.314286,0.388889,0.428571,0.437500,0.448276,0.500000,0.451613,0.411765,0.371429,0.324324,0.317073,0.318182,0.291667,0.300000,0.288462,0.277778,0.240741,0.236364,0.232143,0.241379,0.254237
0.462963,0.415094,0.352941,0.312500,0.300000,0.313725,0.301887,0.327273,0.350877,0.379310,0.406780,0.426230,0.435484,0.460317,0.476190,0.492063,0.500000,0.516129,0.533333,0.568966,0.571429,0.592593,0.615385,0.620000,0.625000,0.645833,0.692308,0.750000,0.800000,0.825397,0.846154,0.865672,0.880597,0.907692,0.923077,0.936508,0.951613,0.934426,0.900000,0.866667,0.847458,0.796610,0.771930,0.741379,0.719298,0.684211,0.666667,0.655172,0.627119,0.610169,0.610169,0.593220,0.576271,0.561404,0.543860,0.553571,0.527273,0.528302,0.509804,0.547170,0.566038,0.592593,0.603774,0.584906,0.588235,0.580000,0.562500,0.510638,0.477273,0.428571,0.418605,0.418605,0.380952,0.384615,0.444444,0.451613,0.428571,0.333333,0.250000,0.187500,0.156250,0.181818,0.161290,0.200000,0.187500,0.205882,0.297297,0.289474,0.307692,0.307692,0.315789,0.294118,0.342857,0.388889,0.428571,0.406250,0.448276,0.464286,0.419355,0.382353,0.342857,0.297297,0.292683,0.295455,0.291667,0.300000,0.269231,0.259259,0.240741,0.236364,0.232143,0.258621,0.254237
0.444444,0.415094,0.352941,0.312500,0.300000,0.313725,0.301887,0.327273,0.350877,0.396552,0.406780,0.426230,0.435484,0.460317,0.476190,0.492063,0.516129,0.548387,0.566667,0.603448,0.607143,0.629630,0.653846,0.660000,0.666667,0.708333,0.750000,0.803571,0.816667,0.841270,0.846154,0.865672,0.850746,0.861538,0.861538,0.857143,0.854839,0.836066,0.800000,0.750000,0.728814,0.677966,0.649123,0.620690,0.596491,0.578947,0.543860,0.534483,0.508475,0.491525,0.491525,0.457627,0.440678,0.438596,0.421053,0.410714,0.400000,0.396226,0.372549,0.415094,0.452830,0.481481,0.490566,0.490566,0.509804,0.500000,0.479167,0.446809,0.409091,0.357143,0.348837,0.372093,0.357143,0.384615,0.416667,0.419355,0.428571,0.333333,0.250000,0.187500,0.156250,0.181818,0.193548,0.200000,0.187500,0.235294,0.324324,0.289474,0.307692,0.307692,0.315789,0.294118,0.342857,0.361111,0.400000,0.375000,0.413793,0.428571,0.387097,0.352941,0.314286,0.270270,0.268293,0.272727,0.270833,0.280000,0.269231,0.259259,0.240741,0.236364,0.232143,0.258621,0.254237
0.444444,0.396226,0.352941,0.291667,0.300000,0.313725,0.301887,0.327273,0.368421,0.396552,0.406780,0.426230,0.451613,0.476190,0.492063,0.523810,0.548387,0.580645,0.600000,0.637931,0.660714,0.666667,0.692308,0.720000,0.729167,0.750000,0.788462,0.821429,0.833333,0.825397,0.815385,0.805970,0.791045,0.784615,0.769231,0.761905,0.741935,0.721311,0.683333,0.650000,0.627119,0.576271,0.543860,0.517241,0.491228,0.473684,0.438596,0.413793,0.389831,0.372881,0.355932,0.338983,0.322034,0.298246,0.280702,0.285714,0.254545,0.245283,0.254902,0.301887,0.320755,0.370370,0.396226,0.396226,0.411765,0.420000,0.395833,0.382979,0.340909,0.309524,0.325581,0.348837,0.333333,0.358974,0.416667,0.451613,0.428571,0.333333,0.250000,0.218750,0.187500,0.212121,0.193548,0.233333,0.218750,0.264706,0.324324,0.315789,0.307692,0.307692,0.315789,0.294118,0.342857,0.361111,0.371429,0.375000,0.379310,0.392857,0.354839,0.323529,0.285714,0.243243,0.268293,0.272727,0.270833,0.280000,0.269231,0.277778,0.259259,0.254545,0.250000,0.275862,0.271186
0.425926,0.396226,0.333333,0.291667,0.300000,0.313725,0.320755,0.345455,0.368421,0.396552,0.423729,0.442623,0.467742,0.492063,0.523810,0.555556,0.580645,0.612903,0.633333,0.672414,0.696429,0.722222,0.750000,0.760000,0.770833,0.791667,0.807692,0.803571,0.783333,0.761905,0.738462,0.716418,0.701493,0.692308,0.676923,0.650794,0.645161,0.622951,0.600000,0.566667,0.542373,0.508475,0.473684,0.431034,0.403509,0.368421,0.333333,0.293103,0.288136,0.254237,0.254237,0.220339,0.203390,0.192982,0.175439,0.178571,0.145455,0.150943,0.137255,0.188679,0.226415,0.277778,0.301887,0.320755,0.333333,0.340000,0.333333,0.319149,0.295455,0.285714,0.302326,0.325581,0.357143,0.384615,0.444444,0.451613,0.464286,0.366667,0.281250,0.250000,0.218750,0.242424,0.258065,0.266667,0.250000,0.264706,0.351351,0.315789,0.333333,0.333333,0.342105,0.294118,0.342857,0.361111,0.371429,0.343750,0.344828,0.392857,0.354839,0.323529,0.285714,0.270270,0.268293,0.295455,0.291667,0.320000,0.307692,0.296296,0.296296,0.290909,0.303571,0.327586,0.338983
0.425926,0.377358,0.333333,0.291667,0.300000,0.313725,0.320755,0.345455,0.385965,0.413793,0.440678,0.475410,0.500000,0.523810,0.571429,0.587302,0.612903,0.645161,0.666667,0.706897,0.732143,0.759259,0.788462,0.800000,0.812500,0.812500,0.788462,0.767857,0.716667,0.666667,0.646154,0.626866,0.597015,0.600000,0.584615,0.571429,0.564516,0.557377,0.533333,0.516667,0.491525,0.440678,0.385965,0.344828,0.298246,0.263158,0.228070,0.206897,0.186441,0.169492,0.152542,0.135593,0.118644,0.087719,0.070175,0.071429,0.072727,0.056604,0.058824,0.132075,0.169811,0.222222,0.245283,0.283019,0.294118,0.300000,0.291667,0.297872,0.272727,0.261905,0.302326,0.348837,0.357143,0.410256,0.472222,0.516129,0.535714,0.433333,0.343750,0.312500,0.281250,0.303030,0.290323,0.300000,0.281250,0.323529,0.378378,0.368421,0.358974,0.358974,0.342105,0.323529,0.342857,0.388889,0.400000,0.375000,0.379310,0.428571,0.387097,0.382353,0.342857,0.324324,0.317073,0.340909,0.354167,0.360000,0.365385,0.370370,0.370370,0.381818,0.375000,0.413793,0.423729
0.407407,0.377358,0.333333,0.291667,0.300000,0.313725,0.339623,0.381818,0.403509,0.448276,0.474576,0.508197,0.532258,0.555556,0.603175,0.619048,0.645161,0.677419,0.700000,0.741379,0.785714,0.814815,0.826923,0.840000,0.812500,0.791667,0.750000,0.696429,0.616667,0.555556,0.538462,0.537313,0.522388,0.538462,0.538462,0.539683,0.532258,0.524590,0.500000,0.466667,0.423729,0.372881,0.315789,0.258621,0.210526,0.175439,0.140351,0.120690,0.118644,0.067797,0.067797,0.033898,0.016949,0.000000,0.000000,0.000000,0.000000,0.000000,0.000000,0.094340,0.132075,0.203704,0.226415,0.245283,0.274510,0.280000,0.291667,0.276596,0.272727,0.261905,0.302326,0.372093,0.404762,0.435897,0.527778,0.580645,0.607143,0.500000,0.437500,0.375000,0.375000,0.363636,0.387097,0.366667,0.343750,0.352941,0.432432,0.394737,0.384615,0.384615,0.394737,0.352941,0.400000,0.416667,0.428571,0.437500,0.448276,0.500000,0.483871,0.441176,0.428571,0.405405,0.390244,0.409091,0.416667,0.440000,0.461538,0.462963,0.462963,0.472727,0.482143,0.517241,0.525424
0.407407,0.377358,0.333333,0.291667,0.320000,0.333333,0.358491,0.400000,0.438596,0.482759,0.508475,0.540984,0.564516,0.587302,0.619048,0.650794,0.677419,0.709677,0.750000,0.793103,0.821429,0.851852,0.865385,0.840000,0.791667,0.729167,0.673077,0.607143,0.533333,0.476190,0.476923,0.492537,0.507463,0.538462,0.538462,0.523810,0.516129,0.491803,0.450000,0.400000,0.355932,0.305085,0.245614,0.189655,0.140351,0.105263,0.070175,0.051724,0.033898,0.000000,0.000000,0.000000,0.000000,0.000000,0.017544,0.035714,0.036364,0.037736,0.039216,0.113208,0.150943,0.203704,0.226415,0.245283,0.274510,0.280000,0.291667,0.276596,0.272727,0.285714,0.325581,0.395349,0.428571,0.487179,0.583333,0.645161,0.678571,0.600000,0.531250,0.468750,0.468750,0.454545,0.483871,0.466667,0.437500,0.441176,0.486486,0.447368,0.435897,0.435897,0.421053,0.411765,0.428571,0.472222,0.485714,0.500000,0.551724,0.607143,0.548387,0.529412,0.514286,0.486486,0.487805,0.500000,0.520833,0.540000,0.557692,0.574074,0.592593,0.618182,0.625000,0.655172,0.677966
0.425926,0.396226,0.352941,0.312500,0.340000,0.372549,0.396226,0.436364,0.473684,0.517241,0.542373,0.573770,0.596774,0.619048,0.650794,0.682540,0.725806,0.758065,0.800000,0.844828,0.857143,0.870370,0.846154,0.800000,0.729167,0.645833,0.576923,0.535714,0.483333,0.460317,0.476923,0.507463,0.507463,0.523077,0.523077,0.507937,0.483871,0.442623,0.400000,0.333333,0.288136,0.237288,0.175439,0.137931,0.087719,0.052632,0.017544,0.000000,0.000000,0.000000,0.033898,0.067797,0.101695,0.122807,0.140351,0.160714,0.163636,0.169811,0.176471,0.226415,0.245283,0.277778,0.283019,0.283019,0.294118,0.300000,0.291667,0.297872,0.295455,0.285714,0.348837,0.418605,0.452381,0.512821,0.611111,0.709677,0.785714,0.700000,0.625000,0.562500,0.562500,0.575758,0.580645,0.566667,0.531250,0.500000,0.540541,0.500000,0.487179,0.487179,0.473684,0.470588,0.485714,0.527778,0.571429,0.562500,0.620690,0.678571,0.645161,0.617647,0.600000,0.567568,0.585366,0.613636,0.625000,0.660000,0.673077,0.703704,0.722222,0.745455,0.785714,0.810345,0.830508
0.444444,0.415094,0.372549,0.354167,0.360000,0.392157,0.415094,0.454545,0.491228,0.534483,0.559322,0.606557,0.629032,0.650794,0.698413,0.730159,0.774194,0.806452,0.833333,0.862069,0.857143,0.851852,0.807692,0.740000,0.625000,0.541667,0.480769,0.464286,0.466667,0.460317,0.476923,0.492537,0.492537,0.492308,0.476923,0.460317,0.419355,0.377049,0.316667,0.266667,0.220339,0.169492,0.105263,0.068966,0.035088,0.000000,0.000000,0.017241,0.067797,0.101695,0.169492,0.203390,0.237288,0.263158,0.280702,0.303571,0.327273,0.320755,0.333333,0.377358,0.396226,0.425926,0.415094,0.396226,0.372549,0.360000,0.333333,0.319149,0.295455,0.309524,0.348837,0.418605,0.476190,0.538462,0.638889,0.741935,0.821429,0.766667,0.687500,0.656250,0.656250,0.666667,0.677419,0.700000,0.625000,0.617647,0.621622,0.578947,0.564103,0.538462,0.526316,0.529412,0.542857,0.583333,0.600000,0.625000,0.689655,0.750000,0.709677,0.676471,0.657143,0.648649,0.682927,0.704545,0.729167,0.780000,0.807692,0.814815,0.851852,0.890909,0.910714,0.931034,0.949153
0.462963,0.433962,0.392157,0.375000,0.400000,0.431373,0.452830,0.490909,0.526316,0.568966,0.593220,0.639344,0.677419,0.714286,0.761905,0.777778,0.822581,0.838710,0.866667,0.862069,0.839286,0.796296,0.730769,0.640000,0.520833,0.437500,0.423077,0.428571,0.433333,0.444444,0.461538,0.462687,0.447761,0.446154,0.430769,0.380952,0.354839,0.295082,0.250000,0.200000,0.152542,0.101695,0.052632,0.017241,0.000000,0.000000,0.035088,0.103448,0.169492,0.220339,0.288136,0.322034,0.355932,0.368421,0.403509,0.428571,0.436364,0.452830,0.470588,0.509434,0.528302,0.555556,0.566038,0.547170,0.509804,0.480000,0.437500,0.382979,0.340909,0.333333,0.372093,0.418605,0.476190,0.538462,0.666667,0.774194,0.857143,0.800000,0.750000,0.718750,0.718750,0.727273,0.774194,0.766667,0.718750,0.676471,0.702703,0.631579,0.615385,0.589744,0.578947,0.558824,0.600000,0.611111,0.628571,0.656250,0.724138,0.785714,0.741935,0.735294,0.742857,0.756757,0.780488,0.818182,0.833333,0.900000,0.923077,0.925926,0.962963,0.981818,1.000000,1.000000,1.000000
0.481481,0.471698,0.431373,0.416667,0.440000,0.450980,0.490566,0.527273,0.561404,0.620690,0.644068,0.688525,0.725806,0.761905,0.809524,0.825397,0.854839,0.854839,0.850000,0.827586,0.785714,0.722222,0.653846,0.540000,0.437500,0.375000,0.365385,0.392857,0.416667,0.428571,0.430769,0.417910,0.402985,0.369231,0.353846,0.301587,0.274194,0.213115,0.166667,0.116667,0.084746,0.033898,0.000000,0.000000,0.017544,0.052632,0.122807,0.206897,0.271186,0.322034,0.389831,0.423729,0.457627,0.473684,0.508772,0.535714,0.545455,0.566038,0.568627,0.603774,0.622642,0.648148,0.660377,0.660377,0.647059,0.620000,0.583333,0.510638,0.454545,0.404762,0.395349,0.441860,0.476190,0.538462,0.638889,0.774194,0.857143,0.800000,0.750000,0.750000,0.750000,0.757576,0.806452,0.833333,0.750000,0.705882,0.729730,0.657895,0.641026,0.615385,0.605263,0.588235,0.600000,0.611111,0.628571,0.656250,0.724138,0.785714,0.806452,0.794118,0.828571,0.864865,0.902439,0.931818,0.937500,0.980000,1.000000,1.000000,1.000000,1.000000,1.000000,1.000000,0.983051
0.518519,0.509434,0.470588,0.458333,0.480000,0.509804,0.528302,0.581818,0.614035,0.672414,0.711864,0.754098,0.790323,0.809524,0.841270,0.841270,0.854839,0.822581,0.816667,0.775862,0.714286,0.629630,0.557692,0.460000,0.375000,0.312500,0.346154,0.392857,0.400000,0.396825,0.384615,0.373134,0.328358,0.307692,0.276923,0.222222,0.177419,0.131148,0.083333,0.050000,0.016949,0.000000,0.000000,0.034483,0.087719,0.157895,0.228070,0.310345,0.372881,0.423729,0.474576,0.525424,0.542373,0.578947,0.596491,0.625000,0.636364,0.641509,0.666667,0.679245,0.698113,0.722222,0.735849,0.735849,0.745098,0.720000,0.708333,0.659574,0.590909,0.523810,0.488372,0.488372,0.500000,0.538462,0.638889,0.741935,0.821429,0.766667,0.718750,0.718750,0.750000,0.757576,0.806452,0.833333,0.750000,0.735294,0.729730,0.684211,0.666667,0.615385,0.605263,0.588235,0.600000,0.611111,0.628571,0.656250,0.758621,0.857143,0.870968,0.882353,0.942857,0.972973,0.975610,1.000000,1.000000,1.000000,1.000000,0.981481,0.962963,0.945455,0.928571,0.913793,0.898305
0.574074,0.547170,0.529412,0.520833,0.540000,0.568627,0.603774,0.636364,0.684211,0.741379,0.779661,0.803279,0.822581,0.841270,0.841270,0.825397,0.822581,0.790323,0.750000,0.706897,0.625000,0.537037,0.461538,0.380000,0.333333,0.291667,0.326923,0.357143,0.366667,0.349206,0.323077,0.298507,0.253731,0.215385,0.184615,0.126984,0.096774,0.049180,0.016667,0.000000,0.000000,0.033898,0.052632,0.120690,0.175439,0.263158,0.333333,0.396552,0.457627,0.508475,0.576271,0.610169,0.627119,0.666667,0.666667,0.696429,0.690909,0.716981,0.725490,0.754717,0.773585,0.796296,0.811321,0.811321,0.823529,0.820000,0.791667,0.765957,0.704545,0.666667,0.604651,0.581395,0.547619,0.564103,0.638889,0.741935,0.785714,0.733333,0.687500,0.687500,0.718750,0.727273,0.774194,0.800000,0.750000,0.705882,0.729730,0.684211,0.641026,0.615385,0.605263,0.558824,0.571429,0.583333,0.628571,0.687500,0.793103,0.928571,0.935484,0.970588,1.000000,1.000000,1.000000,0.977273,0.958333,0.940000,0.923077,0.888889,0.870370,0.854545,0.821429,0.810345,0.779661
0.611111,0.603774,0.588235,0.583333,0.620000,0.647059,0.679245,0.709091,0.754386,0.810345,0.830508,0.836066,0.838710,0.841270,0.825397,0.793651,0.774194,0.725806,0.666667,0.620690,0.535714,0.462963,0.403846,0.360000,0.312500,0.291667,0.307692,0.321429,0.316667,0.285714,0.261538,0.238806,0.179104,0.138462,0.107692,0.047619,0.032258,0.000000,0.000000,0.016667,0.067797,0.118644,0.157895,0.224138,0.280702,0.350877,0.421053,0.482759,0.542373,0.593220,0.644068,0.661017,0.677966,0.701754,0.719298,0.732143,0.745455,0.754717,0.764706,0.811321,0.830189,0.851852,0.867925,0.867925,0.882353,0.880000,0.875000,0.829787,0.818182,0.761905,0.744186,0.697674,0.642857,0.641026,0.666667,0.741935,0.785714,0.700000,0.656250,0.625000,0.656250,0.666667,0.709677,0.733333,0.687500,0.676471,0.702703,0.657895,0.615385,0.589744,0.552632,0.529412,0.542857,0.583333,0.657143,0.718750,0.827586,1.000000,1.000000,1.000000,1.000000,0.972973,0.926829,0.909091,0.854167,0.860000,0.826923,0.796296,0.759259,0.727273,0.696429,0.689655,0.661017
0.685185,0.679245,0.666667,0.687500,0.700000,0.745098,0.754717,0.781818,0.807018,0.844828,0.847458,0.852459,0.838710,0.809524,0.793651,0.746032,0.693548,0.645161,0.583333,0.534483,0.464286,0.407407,0.365385,0.340000,0.291667,0.250000,0.250000,0.267857,0.250000,0.222222,0.184615,0.164179,0.104478,0.046154,0.030769,0.000000,0.000000,0.016393,0.050000,0.116667,0.169492,0.237288,0.280702,0.344828,0.403509,0.456140,0.508772,0.568966,0.610169,0.627119,0.677966,0.694915,0.711864,0.736842,0.736842,0.767857,0.781818,0.792453,0.803922,0.830189,0.867925,0.888889,0.905660,0.905660,0.941176,0.940000,0.916667,0.893617,0.886364,0.857143,0.837209,0.790698,0.761905,0.717949,0.750000,0.774194,0.785714,0.666667,0.593750,0.562500,0.593750,0.606061,0.645161,0.666667,0.656250,0.647059,0.675676,0.605263,0.589744,0.564103,0.526316,0.500000,0.542857,0.583333,0.657143,0.718750,0.862069,1.000000,1.000000,0.970588,0.942857,0.891892,0.829268,0.818182,0.770833,0.760000,0.730769,0.685185,0.648148,0.618182,0.589286,0.568966,0.559322
0.759259,0.754717,0.764706,0.791667,0.800000,0.823529,0.830189,0.836364,0.842105,0.862069,0.847458,0.819672,0.790323,0.746032,0.714286,0.650794,0.612903,0.564516,0.500000,0.465517,0.410714,0.370370,0.365385,0.340000,0.270833,0.208333,0.211538,0.214286,0.200000,0.158730,0.123077,0.089552,0.029851,0.000000,0.000000,0.015873,0.064516,0.114754,0.166667,0.233333,0.305085,0.355932,0.403509,0.448276,0.473684,0.526316,0.543860,0.586207,0.627119,0.644068,0.677966,0.694915,0.711864,0.736842,0.754386,0.785714,0.800000,0.830189,0.843137,0.867925,0.886792,0.907407,0.943396,0.943396,0.960784,0.960000,0.958333,0.936170,0.931818,0.904762,0.906977,0.883721,0.833333,0.820513,0.833333,0.838710,0.785714,0.666667,0.562500,0.531250,0.531250,0.545455,0.580645,0.633333,0.593750,0.588235,0.621622,0.578947,0.564103,0.538462,0.526316,0.500000,0.542857,0.611111,0.685714,0.750000,0.896552,1.000000,0.935484,0.882353,0.857143,0.783784,0.731707,0.704545,0.687500,0.660000,0.634615,0.592593,0.555556,0.509091,0.500000,0.482759,0.474576
0.814815,0.830189,0.823529,0.854167,0.840000,0.862745,0.849057,0.836364,0.824561,0.827586,0.796610,0.754098,0.709677,0.666667,0.619048,0.571429,0.532258,0.483871,0.450000,0.413793,0.375000,0.351852,0.346154,0.320000,0.229167,0.145833,0.153846,0.160714,0.133333,0.095238,0.061538,0.029851,0.000000,0.000000,0.046154,0.079365,0.161290,0.229508,0.300000,0.350000,0.406780,0.457627,0.473684,0.500000,0.508772,0.526316,0.561404,0.586207,0.627119,0.644068,0.694915,0.711864,0.728814,0.754386,0.771930,0.803571,0.818182,0.849057,0.862745,0.886792,0.905660,0.925926,0.962264,0.962264,0.980392,1.000000,1.000000,0.978723,0.977273,0.976190,0.953488,0.953488,0.928571,0.923077,0.916667,0.903226,0.857143,0.666667,0.562500,0.500000,0.500000,0.515152,0.548387,0.566667,0.562500,0.558824,0.594595,0.552632,0.538462,0.512821,0.526316,0.529412,0.571429,0.611111,0.685714,0.750000,0.862069,0.964286,0.870968,0.823529,0.771429,0.702703,0.658537,0.636364,0.604167,0.580000,0.538462,0.500000,0.462963,0.436364,0.410714,0.396552,0.389831
0.870370,0.867925,0.862745,0.875000,0.860000,0.843137,0.830189,0.800000,0.771930,0.758621,0.711864,0.672131,0.612903,0.571429,0.539683,0.492063,0.467742,0.435484,0.416667,0.396552,0.357143,0.351852,0.346154,0.280000,0.187500,0.104167,0.096154,0.107143,0.083333,0.031746,0.015385,0.000000,0.014925,0.046154,0.123077,0.190476,0.258065,0.327869,0.383333,0.433333,0.457627,0.474576,0.491228,0.500000,0.508772,0.526316,0.561404,0.603448,0.627119,0.661017,0.694915,0.728814,0.745763,0.771930,0.789474,0.821429,0.836364,0.867925,0.882353,0.905660,0.924528,0.944444,0.962264,0.981132,1.000000,1.000000,1.000000,1.000000,1.000000,1.000000,1.000000,1.000000,0.976190,0.974359,0.972222,0.967742,0.892857,0.700000,0.562500,0.500000,0.468750,0.484848,0.516129,0.533333,0.531250,0.529412,0.567568,0.526316,0.538462,0.512821,0.526316,0.529412,0.571429,0.638889,0.714286,0.750000,0.862069,0.892857,0.838710,0.735294,0.685714,0.621622,0.585366,0.568182,0.520833,0.500000,0.461538,0.425926,0.388889,0.363636,0.339286,0.327586,0.322034
0.888889,0.886792,0.862745,0.854167,0.820000,0.803922,0.754717,0.727273,0.684211,0.655172,0.610169,0.573770,0.548387,0.507937,0.507937,0.476190,0.451613,0.435484,0.416667,0.396552,0.375000,0.351852,0.326923,0.240000,0.145833,0.062500,0.057692,0.053571,0.033333,0.000000,0.000000,0.029851,0.074627,0.123077,0.215385,0.269841,0.354839,0.393443,0.433333,0.450000,0.474576,0.474576,0.473684,0.500000,0.508772,0.543860,0.561404,0.603448,0.627119,0.661017,0.711864,0.728814,0.762712,0.789474,0.807018,0.839286,0.854545,0.886792,0.921569,0.943396,0.962264,0.962963,0.981132,0.981132,1.000000,1.000000,1.000000,0.978723,0.977273,1.000000,1.000000,1.000000,1.000000,1.000000,1.000000,1.000000,0.928571,0.733333,0.562500,0.500000,0.468750,0.484848,0.516129,0.533333,0.500000,0.529412,0.567568,0.552632,0.538462,0.538462,0.552632,0.558824,0.628571,0.666667,0.714286,0.781250,0.827586,0.857143,0.774194,0.676471,0.628571,0.567568,0.536585,0.500000,0.458333,0.440000,0.403846,0.370370,0.333333,0.309091,0.285714,0.275862,0.254237
0.851852,0.830189,0.784314,0.750000,0.720000,0.686275,0.622642,0.581818,0.543860,0.534483,0.508475,0.508197,0.516129,0.507937,0.523810,0.507937,0.500000,0.483871,0.450000,0.431034,0.392857,0.351852,0.307692,0.220000,0.125000,0.041667,0.019231,0.035714,0.000000,0.000000,0.015385,0.089552,0.134328,0.200000,0.276923,0.333333,0.403226,0.442623,0.466667,0.466667,0.474576,0.474576,0.473684,0.482759,0.508772,0.526316,0.561404,0.603448,0.627119,0.661017,0.711864,0.745763,0.779661,0.807018,0.842105,0.857143,0.872727,0.905660,0.941176,0.962264,0.981132,0.981481,1.000000,1.000000,1.000000,0.980000,0.958333,0.936170,0.931818,0.952381,0.953488,0.976744,0.976190,0.974359,1.000000,1.000000,0.928571,0.733333,0.562500,0.468750,0.437500,0.454545,0.516129,0.533333,0.531250,0.558824,0.594595,0.578947,0.589744,0.589744,0.605263,0.617647,0.657143,0.694444,0.742857,0.781250,0.827586,0.857143,0.741935,0.647059,0.571429,0.513514,0.487805,0.454545,0.416667,0.400000,0.365385,0.333333,0.296296,0.272727,0.250000,0.241379,0.203390
0.759259,0.716981,0.666667,0.604167,0.560000,0.509804,0.471698,0.436364,0.438596,0.448276,0.457627,0.491803,0.516129,0.523810,0.555556,0.555556,0.564516,0.548387,0.516667,0.465517,0.410714,0.351852,0.307692,0.220000,0.104167,0.020833,0.000000,0.017857,0.000000,0.015873,0.061538,0.149254,0.194030,0.261538,0.338462,0.380952,0.435484,0.459016,0.466667,0.450000,0.457627,0.457627,0.473684,0.482759,0.508772,0.526316,0.561404,0.603448,0.627119,0.661017,0.711864,0.762712,0.796610,0.824561,0.842105,0.875000,0.872727,0.905660,0.941176,0.962264,0.981132,0.981481,1.000000,0.981132,1.000000,0.980000,0.937500,0.893617,0.863636,0.880952,0.906977,0.906977,0.904762,0.923077,0.944444,0.967742,0.892857,0.700000,0.531250,0.468750,0.437500,0.454545,0.516129,0.566667,0.562500,0.588235,0.648649,0.631579,0.641026,0.641026,0.657895,0.676471,0.714286,0.750000,0.800000,0.812500,0.827586,0.821429,0.709677,0.617647,0.542857,0.486486,0.463415,0.431818,0.395833,0.380000,0.346154,0.314815,0.277778,0.254545,0.214286,0.206897,0.169492
0.629630,0.584906,0.509804,0.437500,0.380000,0.352941,0.320755,0.327273,0.368421,0.413793,0.440678,0.475410,0.500000,0.523810,0.555556,0.555556,0.580645,0.564516,0.550000,0.500000,0.446429,0.370370,0.307692,0.200000,0.104167,0.000000,0.000000,0.000000,0.016667,0.047619,0.123077,0.194030,0.253731,0.307692,0.369231,0.412698,0.451613,0.459016,0.466667,0.450000,0.457627,0.457627,0.473684,0.482759,0.491228,0.526316,0.561404,0.586207,0.627119,0.661017,0.728814,0.762712,0.796610,0.824561,0.842105,0.857143,0.872727,0.886792,0.921569,0.943396,0.962264,0.962963,0.981132,0.981132,0.980392,0.960000,0.916667,0.851064,0.818182,0.809524,0.837209,0.837209,0.833333,0.846154,0.861111,0.870968,0.821429,0.633333,0.500000,0.437500,0.437500,0.454545,0.548387,0.600000,0.625000,0.647059,0.729730,0.710526,0.717949,0.717949,0.736842,0.764706,0.771429,0.805556,0.828571,0.843750,0.862069,0.857143,0.709677,0.617647,0.542857,0.486486,0.439024,0.409091,0.395833,0.380000,0.346154,0.314815,0.259259,0.236364,0.196429,0.172414,0.135593
0.500000,0.433962,0.352941,0.250000,0.220000,0.196078,0.226415,0.290909,0.350877,0.413793,0.440678,0.475410,0.500000,0.507937,0.523810,0.523810,0.548387,0.548387,0.550000,0.517241,0.446429,0.370370,0.307692,0.200000,0.104167,0.000000,0.000000,0.017857,0.050000,0.095238,0.169231,0.238806,0.283582,0.338462,0.400000,0.428571,0.467742,0.459016,0.466667,0.450000,0.457627,0.457627,0.456140,0.482759,0.491228,0.526316,0.543860,0.586207,0.627119,0.661017,0.728814,0.762712,0.779661,0.807018,0.807018,0.821429,0.836364,0.849057,0.882353,0.905660,0.924528,0.944444,0.962264,0.943396,0.941176,0.920000,0.895833,0.829787,0.795455,0.761905,0.767442,0.767442,0.761905,0.769231,0.777778,0.774194,0.750000,0.566667,0.468750,0.406250,0.437500,0.484848,0.580645,0.666667,0.718750,0.764706,0.837838,0.815789,0.820513,0.794872,0.815789,0.823529,0.857143,0.861111,0.885714,0.875000,0.896552,0.857143,0.709677,0.617647,0.542857,0.486486,0.439024,0.431818,0.395833,0.380000,0.346154,0.314815,0.259259,0.218182,0.178571,0.155172,0.118644
0.370370,0.301887,0.196078,0.083333,0.100000,0.156863,0.226415,0.290909,0.350877,0.413793,0.457627,0.491803,0.500000,0.507937,0.523810,0.523810,0.516129,0.516129,0.533333,0.517241,0.446429,0.370370,0.307692,0.200000,0.104167,0.020833,0.019231,0.053571,0.083333,0.142857,0.215385,0.283582,0.313433,0.369231,0.430769,0.444444,0.467742,0.475410,0.466667,0.466667,0.457627,0.457627,0.456140,0.482759,0.491228,0.508772,0.543860,0.568966,0.610169,0.661017,0.711864,0.728814,0.745763,0.754386,0.754386,0.767857,0.781818,0.811321,0.843137,0.886792,0.905660,0.925926,0.943396,0.924528,0.921569,0.900000,0.854167,0.808511,0.750000,0.714286,0.697674,0.720930,0.690476,0.692308,0.694444,0.677419,0.642857,0.500000,0.406250,0.375000,0.437500,0.515152,0.645161,0.800000,0.843750,0.882353,0.918919,0.894737,0.871795,0.846154,0.868421,0.882353,0.885714,0.916667,0.914286,0.906250,0.931034,0.892857,0.741935,0.647059,0.571429,0.486486,0.463415,0.431818,0.416667,0.400000,0.346154,0.314815,0.240741,0.218182,0.178571,0.155172,0.118644
0.259259,0.169811,0.058824,0.000000,0.080000,0.196078,0.245283,0.309091,0.368421,0.413793,0.440678,0.475410,0.500000,0.507937,0.523810,0.523810,0.516129,0.500000,0.500000,0.482759,0.446429,0.370370,0.288462,0.200000,0.104167,0.041667,0.038462,0.089286,0.133333,0.190476,0.261538,0.313433,0.358209,0.400000,0.446154,0.460317,0.483871,0.475410,0.466667,0.466667,0.474576,0.474576,0.473684,0.482759,0.491228,0.508772,0.526316,0.568966,0.593220,0.627119,0.677966,0.694915,0.694915,0.684211,0.684211,0.696429,0.727273,0.773585,0.803922,0.867925,0.886792,0.925926,0.924528,0.924528,0.921569,0.880000,0.833333,0.765957,0.704545,0.666667,0.651163,0.651163,0.642857,0.615385,0.611111,0.580645,0.535714,0.433333,0.375000,0.375000,0.437500,0.575758,0.774194,0.900000,0.937500,0.941176,0.972973,0.921053,0.897436,0.871795,0.868421,0.911765,0.914286,0.916667,0.942857,0.937500,0.931034,0.928571,0.774194,0.676471,0.600000,0.513514,0.487805,0.454545,0.416667,0.400000,0.346154,0.314815,0.259259,0.218182,0.178571,0.155172,0.135593
0.148148,0.056604,0.000000,0.020833,0.160000,0.215686,0.264151,0.309091,0.333333,0.379310,0.406780,0.426230,0.451613,0.460317,0.476190,0.492063,0.483871,0.467742,0.466667,0.448276,0.410714,0.351852,0.288462,0.200000,0.125000,0.062500,0.076923,0.125000,0.183333,0.238095,0.307692,0.358209,0.388060,0.430769,0.476923,0.476190,0.500000,0.491803,0.483333,0.483333,0.474576,0.474576,0.473684,0.482759,0.491228,0.508772,0.526316,0.551724,0.576271,0.593220,0.627119,0.627119,0.610169,0.614035,0.614035,0.660714,0.690909,0.735849,0.764706,0.811321,0.849057,0.870370,0.886792,0.886792,0.882353,0.860000,0.812500,0.744681,0.681818,0.619048,0.604651,0.604651,0.595238,0.564103,0.527778,0.516129,0.464286,0.366667,0.343750,0.375000,0.500000,0.666667,0.838710,1.000000,1.000000,1.000000,1.000000,0.921053,0.897436,0.871795,0.868421,0.911765,0.942857,0.944444,0.942857,0.937500,0.965517,0.928571,0.806452,0.705882,0.628571,0.540541,0.487805,0.454545,0.416667,0.400000,0.365385,0.314815,0.259259,0.218182,0.196429,0.172414,0.135593
0.055556,0.000000,0.019608,0.104167,0.200000,0.215686,0.226415,0.254545,0.280702,0.327586,0.338983,0.360656,0.370968,0.396825,0.412698,0.428571,0.435484,0.435484,0.416667,0.413793,0.375000,0.333333,0.269231,0.200000,0.125000,0.083333,0.115385,0.178571,0.233333,0.285714,0.353846,0.402985,0.432836,0.476923,0.507692,0.507937,0.516129,0.508197,0.500000,0.483333,0.491525,0.491525,0.473684,0.482759,0.491228,0.491228,0.508772,0.517241,0.542373,0.542373,0.559322,0.559322,0.542373,0.561404,0.561404,0.607143,0.618182,0.660377,0.666667,0.716981,0.754717,0.796296,0.811321,0.811321,0.823529,0.800000,0.770833,0.702128,0.636364,0.571429,0.558140,0.558140,0.547619,0.512821,0.500000,0.451613,0.392857,0.333333,0.343750,0.406250,0.562500,0.727273,0.903226,1.000000,1.000000,0.970588,0.972973,0.894737,0.871795,0.871795,0.894737,0.941176,0.971429,0.972222,0.971429,0.968750,1.000000,0.964286,0.838710,0.705882,0.628571,0.540541,0.487805,0.454545,0.416667,0.400000,0.365385,0.314815,0.277778,0.236364,0.196429,0.172414,0.135593
0.000000,0.037736,0.117647,0.145833,0.180000,0.176471,0.188679,0.200000,0.228070,0.258621,0.271186,0.295082,0.306452,0.317460,0.349206,0.365079,0.370968,0.370968,0.366667,0.362069,0.339286,0.314815,0.269231,0.200000,0.145833,0.104167,0.153846,0.214286,0.300000,0.349206,0.400000,0.462687,0.477612,0.507692,0.538462,0.523810,0.532258,0.524590,0.516667,0.500000,0.508475,0.508475,0.491228,0.482759,0.491228,0.491228,0.491228,0.500000,0.508475,0.491525,0.508475,0.491525,0.491525,0.491228,0.508772,0.535714,0.545455,0.547170,0.568627,0.622642,0.660377,0.722222,0.735849,0.735849,0.745098,0.740000,0.729167,0.680851,0.590909,0.547619,0.511628,0.534884,0.500000,0.487179,0.472222,0.419355,0.357143,0.333333,0.343750,0.437500,0.593750,0.727273,0.903226,1.000000,0.968750,0.941176,0.918919,0.868421,0.871795,0.871795,0.921053,0.970588,0.971429,0.972222,1.000000,1.000000,1.000000,0.964286,0.838710,0.705882,0.628571,0.540541,0.487805,0.454545,0.416667,0.400000,0.365385,0.314815,0.277778,0.254545,0.214286,0.172414,0.135593
0.037037,0.150943,0.176471,0.145833,0.140000,0.137255,0.132075,0.145455,0.175439,0.189655,0.203390,0.229508,0.241935,0.253968,0.285714,0.301587,0.306452,0.322581,0.316667,0.310345,0.303571,0.277778,0.250000,0.180000,0.145833,0.125000,0.192308,0.267857,0.350000,0.396825,0.461538,0.507463,0.522388,0.553846,0.553846,0.555556,0.548387,0.540984,0.533333,0.533333,0.525424,0.525424,0.508772,0.500000,0.491228,0.473684,0.473684,0.465517,0.457627,0.440678,0.457627,0.440678,0.440678,0.438596,0.456140,0.464286,0.454545,0.452830,0.470588,0.528302,0.584906,0.648148,0.679245,0.679245,0.686275,0.680000,0.666667,0.617021,0.568182,0.500000,0.488372,0.488372,0.476190,0.461538,0.444444,0.419355,0.392857,0.366667,0.375000,0.468750,0.593750,0.727273,0.903226,1.000000,0.937500,0.882353,0.891892,0.868421,0.871795,0.897436,0.921053,0.970588,0.971429,1.000000,1.000000,1.000000,1.000000,0.964286,0.806452,0.676471,0.600000,0.513514,0.463415,0.431818,0.416667,0.400000,0.365385,0.333333,0.277778,0.254545,0.214286,0.172414,0.135593
0.129630,0.207547,0.176471,0.104167,0.100000,0.098039,0.075472,0.090909,0.105263,0.137931,0.135593,0.163934,0.177419,0.206349,0.222222,0.222222,0.241935,0.258065,0.266667,0.258621,0.250000,0.240741,0.211538,0.180000,0.125000,0.145833,0.230769,0.321429,0.400000,0.460317,0.507692,0.552239,0.567164,0.584615,0.584615,0.571429,0.580645,0.573770,0.566667,0.550000,0.559322,0.542373,0.508772,0.500000,0.473684,0.473684,0.438596,0.448276,0.423729,0.406780,0.406780,0.389831,0.389831,0.385965,0.385965,0.392857,0.363636,0.358491,0.372549,0.452830,0.509434,0.574074,0.603774,0.622642,0.607843,0.600000,0.583333,0.553191,0.500000,0.452381,0.441860,0.465116,0.452381,0.461538,0.472222,0.451613,0.428571,0.400000,0.406250,0.468750,0.593750,0.727273,0.903226,1.000000,0.906250,0.882353,0.891892,0.894737,0.897436,0.923077,0.947368,0.970588,1.000000,1.000000,1.000000,1.000000,0.965517,0.928571,0.741935,0.617647,0.542857,0.486486,0.439024,0.431818,0.395833,0.400000,0.365385,0.333333,0.296296,0.254545,0.196429,0.172414,0.118644
0.222222,0.226415,0.156863,0.083333,0.060000,0.058824,0.037736,0.054545,0.070175,0.086207,0.084746,0.114754,0.112903,0.142857,0.158730,0.174603,0.177419,0.193548,0.200000,0.206897,0.196429,0.185185,0.173077,0.140000,0.125000,0.145833,0.250000,0.357143,0.450000,0.507937,0.553846,0.597015,0.597015,0.600000,0.615385,0.603175,0.612903,0.606557,0.600000,0.583333,0.576271,0.559322,0.526316,0.500000,0.473684,0.456140,0.421053,0.413793,0.406780,0.372881,0.355932,0.338983,0.338983,0.333333,0.333333,0.321429,0.272727,0.283019,0.294118,0.377358,0.452830,0.500000,0.547170,0.547170,0.549020,0.540000,0.520833,0.489362,0.454545,0.404762,0.395349,0.418605,0.428571,0.461538,0.500000,0.483871,0.500000,0.466667,0.468750,0.500000,0.593750,0.757576,0.903226,0.966667,0.906250,0.882353,0.945946,0.921053,0.948718,0.948718,0.947368,0.970588,0.971429,0.972222,0.971429,0.937500,0.896552,0.821429,0.677419,0.588235,0.514286,0.459459,0.414634,0.409091,0.395833,0.400000,0.365385,0.333333,0.296296,0.254545,0.196429,0.155172,0.118644
0.277778,0.207547,0.117647,0.041667,0.040000,0.019608,0.018868,0.018182,0.035088,0.051724,0.050847,0.065574,0.064516,0.079365,0.095238,0.111111,0.129032,0.145161,0.150000,0.155172,0.142857,0.148148,0.134615,0.120000,0.083333,0.125000,0.250000,0.375000,0.483333,0.539683,0.584615,0.611940,0.611940,0.630769,0.630769,0.634921,0.645161,0.639344,0.633333,0.616667,0.610169,0.576271,0.543860,0.500000,0.473684,0.438596,0.403509,0.396552,0.372881,0.338983,0.338983,0.305085,0.288136,0.280702,0.280702,0.267857,0.218182,0.207547,0.235294,0.320755,0.377358,0.444444,0.471698,0.490566,0.490196,0.460000,0.458333,0.425532,0.386364,0.357143,0.372093,0.395349,0.404762,0.461538,0.527778,0.548387,0.607143,0.566667,0.531250,0.562500,0.656250,0.787879,0.903226,0.933333,0.906250,0.911765,0.972973,0.973684,0.974359,0.948718,0.947368,0.941176,0.942857,0.916667,0.914286,0.875000,0.827586,0.750000,0.612903,0.529412,0.485714,0.432432,0.414634,0.409091,0.395833,0.400000,0.384615,0.333333,0.296296,0.236364,0.196429,0.155172,0.118644
0.259259,0.188679,0.098039,0.020833,0.020000,0.019608,0.000000,0.000000,0.017544,0.017241,0.016949,0.032787,0.032258,0.031746,0.047619,0.047619,0.064516,0.080645,0.083333,0.103448,0.089286,0.092593,0.096154,0.060000,0.062500,0.104167,0.230769,0.375000,0.483333,0.539683,0.600000,0.626866,0.626866,0.646154,0.661538,0.666667,0.677419,0.688525,0.683333,0.650000,0.627119,0.593220,0.543860,0.517241,0.473684,0.438596,0.385965,0.362069,0.355932,0.322034,0.305085,0.288136,0.254237,0.245614,0.245614,0.214286,0.163636,0.150943,0.176471,0.283019,0.339623,0.388889,0.415094,0.415094,0.411765,0.400000,0.395833,0.361702,0.318182,0.309524,0.325581,0.372093,0.404762,0.461538,0.555556,0.645161,0.714286,0.633333,0.625000,0.625000,0.718750,0.818182,0.870968,0.933333,0.906250,0.941176,1.000000,0.973684,0.948718,0.923077,0.894737,0.882353,0.857143,0.833333,0.828571,0.781250,0.724138,0.678571,0.548387,0.500000,0.457143,0.405405,0.390244,0.409091,0.395833,0.400000,0.384615,0.333333,0.277778,0.236364,0.196429,0.155172,0.118644
0.240741,0.169811,0.078431,0.000000,0.000000,0.000000,0.000000,0.000000,0.000000,0.000000,0.000000,0.000000,0.000000,0.000000,0.015873,0.015873,0.016129,0.032258,0.033333,0.034483,0.035714,0.037037,0.038462,0.020000,0.020833,0.083333,0.211538,0.375000,0.466667,0.539683,0.600000,0.626866,0.641791,0.676923,0.692308,0.714286,0.725806,0.721311,0.716667,0.683333,0.661017,0.610169,0.561404,0.517241,0.456140,0.421053,0.385965,0.344828,0.322034,0.305085,0.305085,0.271186,0.237288,0.210526,0.210526,0.178571,0.127273,0.113208,0.117647,0.226415,0.283019,0.333333,0.339623,0.339623,0.333333,0.340000,0.333333,0.297872,0.272727,0.261905,0.302326,0.348837,0.380952,0.461538,0.583333,0.677419,0.785714,0.733333,0.687500,0.687500,0.781250,0.818182,0.903226,0.933333,0.937500,0.970588,1.000000,0.947368,0.923077,0.871795,0.842105,0.823529,0.800000,0.777778,0.771429,0.718750,0.655172,0.607143,0.516129,0.470588,0.428571,0.378378,0.390244,0.409091,0.395833,0.400000,0.365385,0.314815,0.259259,0.218182,0.178571,0.155172,0.118644
0.222222,0.169811,0.078431,0.000000,0.020000,0.019608,0.018868,0.018182,0.035088,0.034483,0.016949,0.016393,0.000000,0.000000,0.000000,0.000000,0.000000,0.000000,0.000000,0.000000,0.000000,0.000000,0.000000,0.000000,0.000000,0.062500,0.211538,0.357143,0.466667,0.539683,0.600000,0.641791,0.671642,0.707692,0.738462,0.761905,0.774194,0.770492,0.750000,0.716667,0.694915,0.644068,0.578947,0.517241,0.456140,0.421053,0.368421,0.327586,0.305085,0.288136,0.288136,0.254237,0.220339,0.192982,0.175439,0.160714,0.109091,0.075472,0.078431,0.150943,0.188679,0.222222,0.226415,0.245283,0.274510,0.280000,0.270833,0.255319,0.227273,0.214286,0.255814,0.325581,0.357143,0.435897,0.583333,0.741935,0.857143,0.833333,0.781250,0.812500,0.843750,0.878788,0.935484,0.966667,0.937500,0.941176,0.945946,0.894737,0.846154,0.794872,0.763158,0.764706,0.742857,0.722222,0.714286,0.656250,0.586207,0.535714,0.451613,0.441176,0.400000,0.378378,0.390244,0.386364,0.395833,0.380000,0.346154,0.296296,0.240741,0.200000,0.160714,0.155172,0.135593
0.222222,0.188679,0.117647,0.041667,0.040000,0.039216,0.037736,0.072727,0.070175,0.086207,0.067797,0.081967,0.064516,0.047619,0.047619,0.031746,0.016129,0.016129,0.016667,0.017241,0.000000,0.000000,0.000000,0.000000,0.020833,0.083333,0.230769,0.375000,0.483333,0.571429,0.630769,0.686567,0.716418,0.753846,0.784615,0.809524,0.822581,0.819672,0.800000,0.750000,0.711864,0.661017,0.596491,0.534483,0.456140,0.403509,0.350877,0.310345,0.288136,0.271186,0.271186,0.271186,0.220339,0.175439,0.175439,0.160714,0.109091,0.056604,0.039216,0.094340,0.113208,0.148148,0.169811,0.207547,0.235294,0.260000,0.250000,0.212766,0.204545,0.190476,0.232558,0.279070,0.333333,0.410256,0.583333,0.774194,0.928571,0.933333,0.906250,0.906250,0.937500,0.939394,1.000000,1.000000,0.937500,0.882353,0.891892,0.815789,0.794872,0.743590,0.710526,0.705882,0.685714,0.666667,0.628571,0.531250,0.482759,0.428571,0.419355,0.411765,0.400000,0.378378,0.390244,0.386364,0.375000,0.360000,0.326923,0.277778,0.203704,0.181818,0.160714,0.172414,0.169492
0.240741,0.226415,0.176471,0.104167,0.100000,0.078431,0.075472,0.109091,0.140351,0.155172,0.169492,0.180328,0.177419,0.174603,0.174603,0.142857,0.129032,0.129032,0.100000,0.103448,0.089286,0.074074,0.096154,0.100000,0.104167,0.166667,0.307692,0.446429,0.550000,0.619048,0.676923,0.731343,0.761194,0.815385,0.846154,0.857143,0.870968,0.852459,0.833333,0.783333,0.745763,0.677966,0.614035,0.534483,0.456140,0.403509,0.350877,0.310345,0.271186,0.254237,0.271186,0.271186,0.237288,0.175439,0.157895,0.142857,0.109091,0.056604,0.039216,0.075472,0.094340,0.129630,0.169811,0.188679,0.215686,0.240000,0.208333,0.191489,0.181818,0.166667,0.209302,0.255814,0.285714,0.384615,0.555556,0.774194,0.964286,1.000000,0.968750,1.000000,1.000000,1.000000,1.000000,0.966667,0.875000,0.823529,0.810811,0.763158,0.743590,0.692308,0.657895,0.617647,0.600000,0.555556,0.485714,0.406250,0.344828,0.357143,0.387097,0.411765,0.400000,0.378378,0.365854,0.363636,0.333333,0.340000,0.288462,0.240741,0.185185,0.163636,0.160714,0.189655,0.203390
0.240741,0.245283,0.215686,0.166667,0.180000,0.176471,0.169811,0.181818,0.210526,0.241379,0.254237,0.278689,0.290323,0.285714,0.301587,0.285714,0.290323,0.274194,0.266667,0.275862,0.250000,0.259259,0.269231,0.260000,0.270833,0.312500,0.423077,0.553571,0.633333,0.698413,0.753846,0.805970,0.835821,0.876923,0.892308,0.904762,0.903226,0.885246,0.850000,0.800000,0.745763,0.677966,0.614035,0.534483,0.473684,0.403509,0.350877,0.293103,0.271186,0.237288,0.254237,0.271186,0.254237,0.192982,0.157895,0.142857,0.109091,0.056604,0.019608,0.056604,0.075472,0.129630,0.150943,0.188679,0.196078,0.200000,0.187500,0.170213,0.136364,0.119048,0.162791,0.209302,0.261905,0.358974,0.527778,0.741935,0.964286,1.000000,1.000000,1.000000,1.000000,0.969697,0.967742,0.900000,0.812500,0.764706,0.756757,0.710526,0.692308,0.641026,0.578947,0.500000,0.457143,0.416667,0.342857,0.281250,0.275862,0.357143,0.419355,0.411765,0.400000,0.351351,0.341463,0.340909,0.312500,0.320000,0.269231,0.222222,0.148148,0.145455,0.160714,0.206897,0.237288
0.240741,0.245283,0.215686,0.208333,0.240000,0.274510,0.283019,0.290909,0.298246,0.327586,0.338983,0.360656,0.370968,0.380952,0.396825,0.396825,0.419355,0.419355,0.433333,0.448276,0.446429,0.444444,0.461538,0.460000,0.458333,0.500000,0.576923,0.678571,0.750000,0.793651,0.830769,0.865672,0.895522,0.923077,0.938462,0.952381,0.935484,0.901639,0.866667,0.800000,0.762712,0.677966,0.614035,0.534483,0.473684,0.421053,0.350877,0.310345,0.271186,0.237288,0.254237,0.254237,0.271186,0.210526,0.157895,0.160714,0.109091,0.056604,0.000000,0.037736,0.056604,0.092593,0.113208,0.150943,0.156863,0.160000,0.145833,0.127660,0.090909,0.095238,0.116279,0.162791,0.214286,0.333333,0.527778,0.741935,0.964286,1.000000,1.000000,1.000000,1.000000,0.939394,0.903226,0.833333,0.750000,0.705882,0.729730,0.657895,0.615385,0.538462,0.473684,0.382353,0.342857,0.277778,0.228571,0.218750,0.275862,0.392857,0.419355,0.382353,0.371429,0.324324,0.317073,0.318182,0.291667,0.280000,0.250000,0.185185,0.129630,0.145455,0.160714,0.206897,0.254237
0.277778,0.283019,0.254902,0.250000,0.300000,0.333333,0.358491,0.400000,0.421053,0.448276,0.440678,0.459016,0.467742,0.476190,0.507937,0.507937,0.532258,0.548387,0.566667,0.586207,0.589286,0.611111,0.615385,0.620000,0.625000,0.666667,0.730769,0.803571,0.850000,0.873016,0.907692,0.940299,0.940299,0.969231,0.984615,0.984127,0.967742,0.934426,0.883333,0.816667,0.762712,0.677966,0.596491,0.534483,0.473684,0.421053,0.368421,0.310345,0.288136,0.254237,0.254237,0.254237,0.271186,0.245614,0.192982,0.160714,0.127273,0.056604,0.000000,0.018868,0.018868,0.055556,0.075472,0.094340,0.098039,0.100000,0.083333,0.063830,0.045455,0.047619,0.093023,0.162791,0.214286,0.333333,0.527778,0.741935,0.964286,1.000000,0.968750,0.968750,0.937500,0.878788,0.838710,0.800000,0.687500,0.647059,0.648649,0.578947,0.512821,0.435897,0.368421,0.235294,0.200000,0.166667,0.171429,0.218750,0.310345,0.357143,0.354839,0.352941,0.371429,0.351351,0.317073,0.295455,0.270833,0.260000,0.211538,0.166667,0.129630,0.127273,0.160714,0.224138,0.254237
0.351852,0.358491,0.352941,0.333333,0.380000,0.411765,0.433962,0.490909,0.526316,0.551724,0.576271,0.590164,0.596774,0.603175,0.619048,0.634921,0.645161,0.661290,0.683333,0.706897,0.714286,0.722222,0.750000,0.760000,0.770833,0.791667,0.846154,0.892857,0.916667,0.936508,0.969231,0.985075,0.985075,1.000000,1.000000,1.000000,0.967742,0.934426,0.883333,0.816667,0.762712,0.677966,0.596491,0.534483,0.473684,0.421053,0.368421,0.327586,0.305085,0.271186,0.271186,0.271186,0.288136,0.280702,0.228070,0.178571,0.145455,0.075472,0.000000,0.000000,0.000000,0.018519,0.018868,0.037736,0.019608,0.020000,0.020833,0.000000,0.000000,0.023810,0.116279,0.186047,0.261905,0.410256,0.583333,0.774194,0.964286,0.966667,0.937500,0.906250,0.843750,0.787879,0.774194,0.733333,0.625000,0.558824,0.567568,0.500000,0.435897,0.333333,0.263158,0.117647,0.085714,0.138889,0.200000,0.218750,0.241379,0.285714,0.322581,0.352941,0.342857,0.324324,0.292683,0.272727,0.250000,0.240000,0.192308,0.148148,0.111111,0.127273,0.160714,0.224138,0.254237
0.462963,0.471698,0.450980,0.458333,0.480000,0.509804,0.528302,0.563636,0.596491,0.637931,0.661017,0.688525,0.693548,0.714286,0.730159,0.730159,0.758065,0.758065,0.783333,0.810345,0.821429,0.833333,0.865385,0.860000,0.875000,0.895833,0.923077,0.964286,0.983333,0.984127,1.000000,1.000000,1.000000,1.000000,1.000000,0.968254,0.951613,0.918033,0.866667,0.816667,0.762712,0.677966,0.596491,0.517241,0.473684,0.438596,0.385965,0.344828,0.322034,0.305085,0.305085,0.305085,0.305085,0.315789,0.298246,0.232143,0.181818,0.150943,0.058824,0.037736,0.000000,0.000000,0.000000,0.000000,0.000000,0.000000,0.000000,0.000000,0.022727,0.047619,0.162791,0.255814,0.357143,0.487179,0.638889,0.774194,0.892857,0.866667,0.812500,0.750000,0.750000,0.696970,0.677419,0.633333,0.500000,0.470588,0.486486,0.421053,0.333333,0.256410,0.157895,0.029412,0.085714,0.138889,0.171429,0.156250,0.172414,0.214286,0.290323,0.294118,0.285714,0.243243,0.243902,0.227273,0.208333,0.200000,0.173077,0.129630,0.111111,0.127273,0.160714,0.206897,0.237288
0.574074,0.566038,0.568627,0.562500,0.580000,0.607843,0.622642,0.654545,0.684211,0.706897,0.728814,0.754098,0.774194,0.777778,0.793651,0.809524,0.822581,0.838710,0.850000,0.879310,0.910714,0.925926,0.942308,0.960000,0.958333,0.979167,0.980769,1.000000,1.000000,1.000000,1.000000,0.985075,0.970149,0.969231,0.953846,0.920635,0.903226,0.868852,0.833333,0.783333,0.728814,0.661017,0.578947,0.517241,0.473684,0.438596,0.403509,0.362069,0.355932,0.338983,0.338983,0.338983,0.338983,0.350877,0.350877,0.285714,0.218182,0.226415,0.156863,0.132075,0.056604,0.055556,0.037736,0.056604,0.039216,0.060000,0.062500,0.085106,0.113636,0.166667,0.255814,0.325581,0.380952,0.435897,0.555556,0.645161,0.714286,0.666667,0.625000,0.593750,0.593750,0.545455,0.548387,0.500000,0.375000,0.382353,0.405405,0.289474,0.230769,0.153846,0.105263,0.029412,0.085714,0.111111,0.114286,0.093750,0.103448,0.178571,0.225806,0.235294,0.228571,0.189189,0.195122,0.181818,0.187500,0.180000,0.153846,0.111111,0.092593,0.127273,0.160714,0.206897,0.237288
0.666667,0.660377,0.647059,0.645833,0.660000,0.686275,0.698113,0.727273,0.754386,0.793103,0.813559,0.836066,0.838710,0.857143,0.873016,0.873016,0.903226,0.903226,0.933333,0.965517,0.964286,0.981481,1.000000,1.000000,1.000000,1.000000,1.000000,1.000000,0.983333,0.968254,0.953846,0.940299,0.910448,0.892308,0.876923,0.857143,0.838710,0.803279,0.766667,0.733333,0.694915,0.627119,0.561404,0.517241,0.473684,0.456140,0.421053,0.396552,0.372881,0.355932,0.372881,0.372881,0.389831,0.385965,0.403509,0.375000,0.272727,0.264151,0.254902,0.264151,0.188679,0.148148,0.132075,0.150943,0.137255,0.160000,0.166667,0.191489,0.204545,0.238095,0.279070,0.302326,0.333333,0.358974,0.472222,0.548387,0.571429,0.533333,0.500000,0.468750,0.468750,0.454545,0.419355,0.333333,0.312500,0.294118,0.297297,0.157895,0.153846,0.102564,0.105263,0.058824,0.085714,0.083333,0.085714,0.062500,0.068966,0.142857,0.161290,0.176471,0.171429,0.135135,0.146341,0.159091,0.145833,0.160000,0.134615,0.111111,0.111111,0.127273,0.160714,0.206897,0.237288
0.740741,0.716981,0.705882,0.687500,0.700000,0.745098,0.754717,0.800000,0.824561,0.879310,0.898305,0.918033,0.919355,0.936508,0.952381,0.952381,0.967742,0.967742,0.983333,1.000000,1.000000,1.000000,1.000000,1.000000,1.000000,1.000000,0.980769,0.964286,0.950000,0.920635,0.892308,0.865672,0.835821,0.830769,0.815385,0.793651,0.774194,0.754098,0.733333,0.683333,0.644068,0.593220,0.543860,0.500000,0.473684,0.456140,0.438596,0.413793,0.406780,0.389831,0.389831,0.406780,0.406780,0.421053,0.438596,0.446429,0.345455,0.283019,0.313725,0.396226,0.377358,0.314815,0.264151,0.245283,0.235294,0.240000,0.229167,0.212766,0.181818,0.166667,0.186047,0.232558,0.261905,0.333333,0.444444,0.483871,0.535714,0.500000,0.406250,0.406250,0.406250,0.363636,0.290323,0.266667,0.250000,0.235294,0.162162,0.078947,0.102564,0.128205,0.131579,0.058824,0.028571,0.055556,0.057143,0.031250,0.034483,0.071429,0.096774,0.117647,0.114286,0.081081,0.097561,0.113636,0.125000,0.160000,0.134615,0.129630,0.129630,0.145455,0.160714,0.206897,0.237288
0.777778,0.754717,0.745098,0.750000,0.780000,0.803922,0.830189,0.872727,0.912281,0.948276,0.966102,0.967213,0.983871,0.984127,0.984127,0.984127,1.000000,0.983871,1.000000,1.000000,1.000000,1.000000,1.000000,1.000000,0.979167,0.958333,0.923077,0.910714,0.883333,0.857143,0.830769,0.805970,0.776119,0.769231,0.769231,0.746032,0.741935,0.721311,0.683333,0.650000,0.610169,0.559322,0.508772,0.482759,0.473684,0.456140,0.438596,0.431034,0.423729,0.406780,0.423729,0.406780,0.423729,0.438596,0.456140,0.482143,0.418182,0.320755,0.333333,0.433962,0.471698,0.462963,0.396226,0.339623,0.294118,0.260000,0.208333,0.170213,0.113636,0.071429,0.116279,0.162791,0.190476,0.256410,0.361111,0.419355,0.464286,0.433333,0.375000,0.343750,0.281250,0.242424,0.225806,0.233333,0.218750,0.117647,0.081081,0.026316,0.051282,0.102564,0.131579,0.029412,0.028571,0.027778,0.028571,0.000000,0.000000,0.035714,0.032258,0.058824,0.085714,0.054054,0.097561,0.113636,0.125000,0.160000,0.153846,0.166667,0.148148,0.163636,0.178571,0.206897,0.237288
0.796296,0.811321,0.803922,0.854167,0.880000,0.921569,0.943396,0.963636,0.982456,1.000000,1.000000,1.000000,1.000000,1.000000,1.000000,1.000000,1.000000,1.000000,1.000000,1.000000,1.000000,1.000000,1.000000,0.980000,0.958333,0.916667,0.865385,0.857143,0.816667,0.793651,0.784615,0.761194,0.746269,0.738462,0.738462,0.730159,0.709677,0.688525,0.666667,0.616667,0.576271,0.542373,0.491228,0.465517,0.456140,0.438596,0.438596,0.431034,0.423729,0.423729,0.423729,0.406780,0.406780,0.403509,0.438596,0.482143,0.454545,0.358491,0.333333,0.396226,0.471698,0.537037,0.490566,0.433962,0.352941,0.260000,0.187500,0.127660,0.045455,0.000000,0.046512,0.093023,0.119048,0.153846,0.250000,0.290323,0.321429,0.300000,0.281250,0.218750,0.156250,0.181818,0.193548,0.200000,0.125000,0.058824,0.027027,0.000000,0.025641,0.051282,0.078947,0.000000,0.000000,0.000000,0.000000,0.000000,0.000000,0.000000,0.000000,0.029412,0.057143,0.054054,0.073171,0.090909,0.125000,0.160000,0.173077,0.185185,0.185185,0.181818,0.196429,0.224138,0.237288
0.851852,0.886792,0.921569,0.958333,0.980000,1.000000,1.000000,1.000000,1.000000,1.000000,1.000000,1.000000,0.983871,0.984127,1.000000,0.984127,1.000000,1.000000,1.000000,1.000000,1.000000,1.000000,1.000000,0.960000,0.916667,0.854167,0.807692,0.785714,0.766667,0.746032,0.738462,0.731343,0.716418,0.707692,0.707692,0.698413,0.693548,0.655738,0.633333,0.583333,0.559322,0.508475,0.456140,0.448276,0.438596,0.421053,0.421053,0.413793,0.423729,0.423729,0.423729,0.406780,0.372881,0.368421,0.403509,0.464286,0.472727,0.396226,0.313725,0.339623,0.396226,0.500000,0.528302,0.490566,0.431373,0.320000,0.208333,0.127660,0.045455,0.000000,0.023256,0.046512,0.071429,0.102564,0.138889,0.161290,0.178571,0.166667,0.156250,0.125000,0.125000,0.121212,0.129032,0.100000,0.031250,0.000000,0.000000,0.000000,0.000000,0.000000,0.026316,0.000000,0.057143,0.055556,0.028571,0.000000,0.000000,0.000000,0.000000,0.029412,0.028571,0.027027,0.073171,0.090909,0.125000,0.160000,0.192308,0.222222,0.203704,0.218182,0.214286,0.224138,0.220339
0.962963,0.981132,1.000000,1.000000,1.000000,1.000000,0.981132,0.981818,0.964912,0.982759,0.966102,0.967213,0.967742,0.968254,0.968254,0.968254,0.983871,0.983871,0.966667,0.965517,0.964286,0.962963,0.942308,0.900000,0.833333,0.770833,0.750000,0.732143,0.733333,0.714286,0.707692,0.701493,0.671642,0.676923,0.676923,0.666667,0.661290,0.622951,0.600000,0.550000,0.525424,0.474576,0.438596,0.413793,0.403509,0.403509,0.403509,0.413793,0.423729,0.423729,0.406780,0.389831,0.338983,0.315789,0.368421,0.446429,0.472727,0.415094,0.294118,0.283019,0.339623,0.462963,0.528302,0.528302,0.490196,0.400000,0.270833,0.170213,0.068182,0.000000,0.000000,0.000000,0.000000,0.000000,0.027778,0.000000,0.000000,0.000000,0.000000,0.000000,0.000000,0.000000,0.000000,0.000000,0.000000,0.000000,0.054054,0.052632,0.025641,0.000000,0.000000,0.000000,0.085714,0.111111,0.085714,0.031250,0.000000,0.000000,0.000000,0.000000,0.000000,0.000000,0.048780,0.090909,0.125000,0.160000,0.192308,0.203704,0.203704,0.218182,0.196429,0.224138,0.220339
1.000000,1.000000,0.980392,0.979167,0.960000,0.960784,0.943396,0.945455,0.929825,0.948276,0.949153,0.950820,0.935484,0.936508,0.952381,0.936508,0.951613,0.919355,0.916667,0.896552,0.892857,0.888889,0.865385,0.800000,0.750000,0.687500,0.673077,0.678571,0.683333,0.666667,0.661538,0.656716,0.641791,0.630769,0.630769,0.619048,0.612903,0.590164,0.550000,0.516667,0.474576,0.440678,0.403509,0.396552,0.368421,0.368421,0.368421,0.396552,0.423729,0.406780,0.406780,0.372881,0.322034,0.280702,0.315789,0.410714,0.454545,0.433962,0.294118,0.245283,0.301887,0.425926,0.490566,0.547170,0.549020,0.500000,0.375000,0.234043,0.136364,0.095238,0.116279,0.093023,0.023810,0.000000,0.000000,0.000000,0.000000,0.000000,0.031250,0.000000,0.000000,0.000000,0.032258,0.066667,0.062500,0.088235,0.189189,0.157895,0.102564,0.051282,0.052632,0.029412,0.142857,0.194444,0.171429,0.093750,0.034483,0.035714,0.000000,0.000000,0.000000,0.000000,0.024390,0.068182,0.104167,0.140000,0.173077,0.185185,0.185185,0.181818,0.196429,0.206897,0.203390
0.962963,0.943396,0.921569,0.916667,0.900000,0.901961,0.886792,0.890909,0.894737,0.913793,0.898305,0.901639,0.887097,0.888889,0.888889,0.873016,0.870968,0.838710,0.816667,0.810345,0.803571,0.796296,0.769231,0.720000,0.666667,0.604167,0.596154,0.625000,0.616667,0.619048,0.615385,0.611940,0.597015,0.600000,0.600000,0.587302,0.580645,0.540984,0.516667,0.466667,0.440678,0.406780,0.368421,0.362069,0.350877,0.350877,0.350877,0.379310,0.406780,0.406780,0.406780,0.372881,0.322034,0.280702,0.298246,0.392857,0.436364,0.433962,0.313725,0.245283,0.283019,0.370370,0.452830,0.528302,0.568627,0.560000,0.500000,0.361702,0.250000,0.214286,0.255814,0.302326,0.285714,0.282051,0.305556,0.290323,0.285714,0.300000,0.312500,0.312500,0.312500,0.303030,0.290323,0.300000,0.281250,0.352941,0.405405,0.368421,0.307692,0.230769,0.210526,0.147059,0.228571,0.277778,0.285714,0.187500,0.137931,0.107143,0.064516,0.029412,0.000000,0.000000,0.024390,0.045455,0.083333,0.120000,0.134615,0.148148,0.148148,0.163636,0.178571,0.189655,0.186441
0.870370,0.849057,0.843137,0.833333,0.820000,0.823529,0.811321,0.818182,0.824561,0.844828,0.830508,0.819672,0.806452,0.809524,0.809524,0.793651,0.774194,0.741935,0.733333,0.741379,0.732143,0.722222,0.692308,0.640000,0.583333,0.541667,0.538462,0.553571,0.566667,0.555556,0.569231,0.567164,0.552239,0.553846,0.553846,0.539683,0.532258,0.491803,0.466667,0.433333,0.406780,0.372881,0.333333,0.327586,0.315789,0.333333,0.333333,0.362069,0.389831,0.406780,0.389831,0.355932,0.305085,0.280702,0.315789,0.375000,0.436364,0.433962,0.352941,0.264151,0.264151,0.333333,0.415094,0.490566,0.549020,0.600000,0.583333,0.510638,0.409091,0.357143,0.372093,0.441860,0.476190,0.564103,0.638889,0.677419,0.714286,0.666667,0.625000,0.625000,0.625000,0.636364,0.645161,0.633333,0.593750,0.617647,0.675676,0.631579,0.564103,0.487179,0.421053,0.352941,0.371429,0.416667,0.400000,0.343750,0.275862,0.214286,0.129032,0.058824,0.028571,0.000000,0.024390,0.045455,0.083333,0.100000,0.115385,0.129630,0.129630,0.145455,0.160714,0.172414,0.152542
0.796296,0.773585,0.745098,0.729167,0.740000,0.745098,0.735849,0.745455,0.754386,0.758621,0.745763,0.737705,0.725806,0.714286,0.714286,0.698413,0.693548,0.677419,0.666667,0.672414,0.660714,0.666667,0.634615,0.600000,0.520833,0.479167,0.480769,0.500000,0.500000,0.507937,0.507692,0.507463,0.507463,0.507692,0.507692,0.492063,0.483871,0.459016,0.416667,0.383333,0.355932,0.322034,0.298246,0.310345,0.298246,0.315789,0.315789,0.344828,0.389831,0.389831,0.372881,0.338983,0.305085,0.315789,0.368421,0.410714,0.436364,0.452830,0.392157,0.320755,0.264151,0.314815,0.358491,0.433962,0.529412,0.560000,0.604167,0.595745,0.568182,0.523810,0.511628,0.558140,0.571429,0.641026,0.750000,0.870968,0.964286,0.900000,0.843750,0.812500,0.812500,0.787879,0.838710,0.866667,0.812500,0.823529,0.891892,0.868421,0.820513,0.743590,0.684211,0.647059,0.628571,0.611111,0.600000,0.531250,0.448276,0.357143,0.193548,0.117647,0.028571,0.000000,0.048780,0.068182,0.104167,0.120000,0.115385,0.111111,0.111111,0.127273,0.125000,0.137931,0.118644
0.703704,0.679245,0.666667,0.645833,0.660000,0.666667,0.660377,0.672727,0.666667,0.672414,0.677966,0.672131,0.645161,0.634921,0.634921,0.619048,0.612903,0.612903,0.600000,0.603448,0.607143,0.611111,0.596154,0.540000,0.479167,0.416667,0.423077,0.446429,0.450000,0.460317,0.461538,0.462687,0.447761,0.461538,0.461538,0.444444,0.435484,0.409836,0.366667,0.333333,0.322034,0.305085,0.280702,0.293103,0.298246,0.315789,0.333333,0.362069,0.372881,0.372881,0.355932,0.322034,0.305085,0.368421,0.421053,0.446429,0.454545,0.452830,0.411765,0.358491,0.301887,0.333333,0.358491,0.415094,0.490196,0.520000,0.562500,0.574468,0.568182,0.547619,0.558140,0.581395,0.595238,0.666667,0.777778,0.903226,1.000000,0.966667,0.875000,0.875000,0.843750,0.848485,0.903226,0.933333,0.906250,0.941176,1.000000,0.973684,0.974359,0.948718,0.921053,0.882353,0.828571,0.805556,0.771429,0.718750,0.620690,0.500000,0.322581,0.176471,0.057143,0.000000,0.024390,0.068182,0.104167,0.120000,0.115385,0.111111,0.092593,0.109091,0.089286,0.103448,0.101695
0.629630,0.603774,0.568627,0.562500,0.580000,0.588235,0.584906,0.581818,0.596491,0.603448,0.593220,0.590164,0.564516,0.539683,0.539683,0.539683,0.548387,0.532258,0.533333,0.551724,0.571429,0.555556,0.538462,0.480000,0.416667,0.375000,0.365385,0.392857,0.400000,0.396825,0.400000,0.402985,0.402985,0.400000,0.400000,0.380952,0.370968,0.344262,0.316667,0.300000,0.288136,0.288136,0.280702,0.293103,0.298246,0.315789,0.350877,0.362069,0.372881,0.338983,0.338983,0.305085,0.322034,0.368421,0.421053,0.446429,0.454545,0.452830,0.431373,0.396226,0.339623,0.370370,0.377358,0.396226,0.450980,0.480000,0.520833,0.531915,0.522727,0.500000,0.511628,0.534884,0.547619,0.615385,0.722222,0.838710,0.964286,0.900000,0.843750,0.812500,0.843750,0.848485,0.903226,0.966667,0.937500,0.941176,1.000000,1.000000,1.000000,1.000000,1.000000,1.000000,0.971429,0.916667,0.885714,0.812500,0.758621,0.642857,0.419355,0.235294,0.085714,0.027027,0.024390,0.045455,0.062500,0.080000,0.076923,0.074074,0.055556,0.054545,0.053571,0.068966,0.067797
0.537037,0.528302,0.509804,0.479167,0.500000,0.509804,0.509434,0.527273,0.543860,0.551724,0.525424,0.508197,0.467742,0.460317,0.476190,0.476190,0.483871,0.500000,0.500000,0.517241,0.517857,0.518519,0.500000,0.440000,0.354167,0.312500,0.326923,0.357143,0.350000,0.349206,0.338462,0.343284,0.343284,0.338462,0.353846,0.333333,0.322581,0.295082,0.283333,0.266667,0.271186,0.288136,0.298246,0.310345,0.333333,0.350877,0.350877,0.362069,0.355932,0.322034,0.322034,0.305085,0.322034,0.350877,0.385965,0.410714,0.436364,0.452830,0.431373,0.433962,0.358491,0.388889,0.377358,0.396226,0.431373,0.440000,0.458333,0.468085,0.454545,0.452381,0.465116,0.488372,0.500000,0.564103,0.666667,0.774194,0.892857,0.833333,0.781250,0.781250,0.781250,0.818182,0.870968,0.933333,0.906250,0.911765,0.972973,0.947368,0.948718,0.948718,0.947368,0.970588,0.942857,0.916667,0.885714,0.812500,0.793103,0.678571,0.483871,0.294118,0.114286,0.027027,0.024390,0.022727,0.041667,0.040000,0.038462,0.037037,0.018519,0.018182,0.035714,0.051724,0.050847
0.462963,0.452830,0.431373,0.416667,0.440000,0.450980,0.452830,0.472727,0.491228,0.500000,0.474576,0.459016,0.435484,0.428571,0.444444,0.444444,0.467742,0.467742,0.466667,0.482759,0.482143,0.481481,0.442308,0.380000,0.312500,0.250000,0.269231,0.303571,0.300000,0.301587,0.292308,0.298507,0.283582,0.292308,0.307692,0.285714,0.290323,0.262295,0.266667,0.266667,0.288136,0.305085,0.315789,0.344828,0.350877,0.368421,0.350877,0.344828,0.322034,0.305085,0.305085,0.305085,0.322034,0.333333,0.350877,0.375000,0.418182,0.433962,0.431373,0.433962,0.396226,0.407407,0.377358,0.377358,0.392157,0.400000,0.395833,0.404255,0.363636,0.357143,0.395349,0.441860,0.452381,0.512821,0.638889,0.741935,0.821429,0.800000,0.750000,0.750000,0.750000,0.757576,0.838710,0.866667,0.843750,0.852941,0.918919,0.894737,0.897436,0.871795,0.868421,0.882353,0.857143,0.833333,0.800000,0.750000,0.724138,0.678571,0.483871,0.294118,0.142857,0.027027,0.000000,0.000000,0.000000,0.020000,0.000000,0.018519,0.000000,0.000000,0.017857,0.034483,0.033898
0.407407,0.396226,0.372549,0.354167,0.380000,0.411765,0.415094,0.436364,0.438596,0.448276,0.440678,0.426230,0.403226,0.380952,0.396825,0.412698,0.451613,0.451613,0.450000,0.448276,0.464286,0.444444,0.403846,0.340000,0.250000,0.208333,0.230769,0.250000,0.266667,0.253968,0.261538,0.268657,0.253731,0.261538,0.276923,0.253968,0.258065,0.262295,0.266667,0.266667,0.288136,0.305085,0.333333,0.362069,0.350877,0.350877,0.333333,0.310345,0.288136,0.271186,0.288136,0.288136,0.288136,0.298246,0.315789,0.357143,0.400000,0.415094,0.411765,0.433962,0.396226,0.407407,0.339623,0.339623,0.372549,0.380000,0.354167,0.340426,0.295455,0.285714,0.325581,0.372093,0.404762,0.487179,0.611111,0.741935,0.821429,0.766667,0.718750,0.718750,0.718750,0.727273,0.806452,0.833333,0.812500,0.823529,0.864865,0.842105,0.846154,0.820513,0.815789,0.794118,0.771429,0.750000,0.714286,0.687500,0.655172,0.607143,0.451613,0.294118,0.142857,0.027027,0.000000,0.000000,0.000000,0.000000,0.000000,0.000000,0.000000,0.000000,0.017857,0.034483,0.016949
0.351852,0.339623,0.313725,0.291667,0.340000,0.352941,0.377358,0.381818,0.403509,0.396552,0.389831,0.377049,0.338710,0.333333,0.365079,0.412698,0.435484,0.419355,0.416667,0.431034,0.428571,0.407407,0.365385,0.280000,0.208333,0.145833,0.173077,0.214286,0.216667,0.238095,0.246154,0.253731,0.238806,0.246154,0.261538,0.253968,0.258065,0.262295,0.266667,0.283333,0.305085,0.305085,0.315789,0.344828,0.333333,0.315789,0.280702,0.258621,0.237288,0.220339,0.237288,0.254237,0.254237,0.245614,0.280702,0.339286,0.363636,0.377358,0.392157,0.415094,0.377358,0.388889,0.320755,0.320755,0.333333,0.340000,0.312500,0.255319,0.227273,0.214286,0.279070,0.325581,0.380952,0.461538,0.583333,0.709677,0.821429,0.766667,0.718750,0.718750,0.718750,0.727273,0.774194,0.800000,0.781250,0.794118,0.837838,0.789474,0.794872,0.769231,0.736842,0.705882,0.685714,0.666667,0.628571,0.593750,0.586207,0.535714,0.387097,0.264706,0.142857,0.027027,0.000000,0.000000,0.000000,0.000000,0.000000,0.000000,0.000000,0.000000,0.000000,0.017241,0.016949
0.296296,0.283019,0.254902,0.229167,0.280000,0.294118,0.301887,0.327273,0.333333,0.327586,0.305085,0.295082,0.290323,0.301587,0.349206,0.380952,0.387097,0.387097,0.383333,0.413793,0.410714,0.370370,0.326923,0.240000,0.145833,0.104167,0.134615,0.178571,0.200000,0.206349,0.230769,0.253731,0.238806,0.246154,0.261538,0.253968,0.258065,0.262295,0.283333,0.283333,0.305085,0.305085,0.298246,0.293103,0.263158,0.245614,0.228070,0.206897,0.203390,0.186441,0.203390,0.220339,0.237288,0.228070,0.263158,0.321429,0.327273,0.339623,0.333333,0.377358,0.358491,0.370370,0.320755,0.301887,0.313725,0.300000,0.250000,0.212766,0.159091,0.166667,0.232558,0.302326,0.380952,0.461538,0.583333,0.709677,0.785714,0.733333,0.687500,0.687500,0.687500,0.696970,0.741935,0.766667,0.750000,0.764706,0.783784,0.736842,0.717949,0.692308,0.684211,0.647059,0.600000,0.583333,0.571429,0.531250,0.482759,0.428571,0.322581,0.235294,0.114286,0.027027,0.024390,0.000000,0.000000,0.020000,0.000000,0.018519,0.000000,0.000000,0.000000,0.017241,0.016949
0.259259,0.245283,0.196078,0.166667,0.200000,0.235294,0.226415,0.254545,0.263158,0.275862,0.254237,0.245902,0.258065,0.285714,0.333333,0.349206,0.338710,0.354839,0.366667,0.396552,0.375000,0.333333,0.269231,0.180000,0.104167,0.062500,0.096154,0.142857,0.183333,0.206349,0.230769,0.253731,0.253731,0.261538,0.276923,0.269841,0.290323,0.295082,0.300000,0.300000,0.288136,0.271186,0.245614,0.241379,0.210526,0.192982,0.175439,0.172414,0.169492,0.169492,0.203390,0.237288,0.254237,0.245614,0.263158,0.303571,0.309091,0.301887,0.294118,0.339623,0.339623,0.351852,0.339623,0.301887,0.274510,0.260000,0.208333,0.170213,0.136364,0.142857,0.209302,0.302326,0.357143,0.435897,0.555556,0.677419,0.750000,0.700000,0.625000,0.593750,0.593750,0.606061,0.677419,0.700000,0.687500,0.705882,0.729730,0.684211,0.666667,0.641026,0.605263,0.558824,0.542857,0.527778,0.485714,0.437500,0.413793,0.357143,0.258065,0.176471,0.085714,0.027027,0.024390,0.000000,0.000000,0.020000,0.019231,0.018519,0.000000,0.000000,0.000000,0.000000,0.000000
