0.125000,0.127660,0.148936,0.173913,0.181818,0.209302,0.195122,0.205128,0.210526,0.225000,0.219512,0.219512,0.190476,0.186047,0.181818,0.170213,0.163265,0.156863,0.150943,0.132075,0.127273,0.127273,0.127273,0.111111,0.111111,0.127273,0.111111,0.109091,0.109091,0.111111,0.111111,0.092593,0.109091,0.090909,0.087719,0.103448,0.086207,0.101695,0.098361,0.096774,0.109375,0.109375,0.123077,0.138462,0.153846,0.153846,0.171875,0.171875,0.190476,0.193548,0.225806,0.229508,0.254237,0.258621,0.280702,0.285714,0.314815,0.339623,0.346154,0.380000,0.395833,0.395833,0.416667,0.416667,0.416667,0.428571,0.416667,0.408163,0.420000,0.420000,0.431373,0.423077,0.452830,0.444444,0.436364,0.425926,0.436364,0.436364,0.446429,0.446429,0.446429,0.436364,0.436364,0.444444,0.452830,0.461538,0.470588,0.480769,0.481481,0.456140,0.457627,0.451613,0.437500,0.430769,0.432836,0.434783,0.414286,0.410959,0.405405,0.394737,0.394737,0.397436,0.397436,0.384615,0.389610,0.402597,0.407895,0.413333,0.410959,0.416667,0.402778,0.383562,0.364865
0.125000,0.127660,0.148936,0.152174,0.159091,0.186047,0.195122,0.179487,0.184211,0.200000,0.195122,0.170732,0.166667,0.162791,0.159091,0.148936,0.122449,0.117647,0.113208,0.094340,0.090909,0.090909,0.090909,0.092593,0.092593,0.090909,0.074074,0.072727,0.090909,0.074074,0.074074,0.074074,0.072727,0.072727,0.070175,0.086207,0.068966,0.084746,0.081967,0.096774,0.093750,0.109375,0.107692,0.138462,0.138462,0.153846,0.171875,0.171875,0.190476,0.193548,0.225806,0.229508,0.254237,0.258621,0.280702,0.285714,0.314815,0.339623,0.365385,0.380000,0.416667,0.416667,0.416667,0.437500,0.437500,0.428571,0.437500,0.428571,0.440000,0.440000,0.450980,0.442308,0.452830,0.462963,0.454545,0.444444,0.454545,0.454545,0.464286,0.464286,0.446429,0.454545,0.454545,0.462963,0.452830,0.480769,0.490196,0.480769,0.481481,0.473684,0.457627,0.451613,0.453125,0.430769,0.432836,0.434783,0.414286,0.410959,0.405405,0.407895,0.394737,0.397436,0.397436,0.397436,0.389610,0.402597,0.407895,0.413333,0.424658,0.430556,0.416667,0.397260,0.378378
0.104167,0.106383,0.127660,0.130435,0.136364,0.162791,0.146341,0.153846,0.157895,0.150000,0.146341,0.146341,0.119048,0.116279,0.113636,0.106383,0.102041,0.078431,0.075472,0.056604,0.054545,0.054545,0.072727,0.055556,0.055556,0.054545,0.055556,0.054545,0.054545,0.055556,0.055556,0.055556,0.054545,0.054545,0.052632,0.068966,0.051724,0.067797,0.081967,0.080645,0.093750,0.093750,0.107692,0.123077,0.138462,0.153846,0.156250,0.171875,0.174603,0.193548,0.209677,0.229508,0.254237,0.258621,0.280702,0.285714,0.314815,0.339623,0.365385,0.380000,0.416667,0.416667,0.437500,0.437500,0.458333,0.448980,0.437500,0.448980,0.460000,0.460000,0.470588,0.461538,0.471698,0.481481,0.472727,0.462963,0.472727,0.472727,0.482143,0.464286,0.464286,0.472727,0.454545,0.462963,0.471698,0.480769,0.490196,0.500000,0.481481,0.473684,0.474576,0.451613,0.453125,0.430769,0.432836,0.434783,0.414286,0.410959,0.405405,0.407895,0.394737,0.397436,0.397436,0.397436,0.402597,0.402597,0.407895,0.413333,0.424658,0.430556,0.416667,0.410959,0.391892
0.104167,0.085106,0.106383,0.108696,0.113636,0.116279,0.121951,0.128205,0.105263,0.125000,0.097561,0.097561,0.071429,0.069767,0.068182,0.063830,0.061224,0.058824,0.056604,0.037736,0.036364,0.036364,0.036364,0.018519,0.037037,0.036364,0.018519,0.036364,0.036364,0.037037,0.037037,0.037037,0.036364,0.036364,0.035088,0.051724,0.051724,0.050847,0.065574,0.064516,0.078125,0.093750,0.092308,0.123077,0.123077,0.138462,0.156250,0.156250,0.174603,0.177419,0.209677,0.229508,0.237288,0.258621,0.280702,0.285714,0.314815,0.339623,0.365385,0.400000,0.416667,0.437500,0.437500,0.458333,0.458333,0.448980,0.458333,0.448980,0.460000,0.480000,0.490196,0.480769,0.490566,0.500000,0.490909,0.481481,0.490909,0.490909,0.482143,0.482143,0.482143,0.472727,0.472727,0.462963,0.471698,0.500000,0.490196,0.500000,0.500000,0.473684,0.474576,0.451613,0.453125,0.446154,0.432836,0.434783,0.414286,0.410959,0.405405,0.394737,0.394737,0.397436,0.397436,0.397436,0.402597,0.415584,0.421053,0.426667,0.438356,0.444444,0.430556,0.410959,0.391892
0.083333,0.063830,0.085106,0.086957,0.090909,0.093023,0.073171,0.076923,0.052632,0.075000,0.048780,0.048780,0.047619,0.023256,0.022727,0.021277,0.020408,0.019608,0.018868,0.000000,0.000000,0.018182,0.018182,0.000000,0.000000,0.018182,0.000000,0.018182,0.018182,0.018519,0.018519,0.018519,0.018182,0.018182,0.035088,0.034483,0.034483,0.033898,0.049180,0.064516,0.062500,0.078125,0.092308,0.107692,0.123077,0.123077,0.140625,0.156250,0.158730,0.177419,0.209677,0.213115,0.237288,0.258621,0.263158,0.285714,0.314815,0.339623,0.365385,0.380000,0.416667,0.416667,0.437500,0.458333,0.458333,0.448980,0.458333,0.448980,0.460000,0.480000,0.490196,0.480769,0.490566,0.500000,0.490909,0.481481,0.490909,0.490909,0.500000,0.482143,0.482143,0.490909,0.472727,0.481481,0.471698,0.500000,0.509804,0.500000,0.500000,0.491228,0.474576,0.467742,0.453125,0.446154,0.432836,0.434783,0.428571,0.410959,0.405405,0.407895,0.394737,0.397436,0.397436,0.397436,0.402597,0.415584,0.421053,0.426667,0.438356,0.444444,0.430556,0.410959,0.391892
0.062500,0.042553,0.042553,0.065217,0.045455,0.046512,0.048780,0.025641,0.000000,0.025000,0.024390,0.000000,0.000000,0.000000,0.000000,0.000000,0.000000,0.000000,0.000000,0.000000,0.000000,0.000000,0.000000,0.000000,0.000000,0.000000,0.000000,0.000000,0.018182,0.000000,0.018519,0.000000,0.018182,0.000000,0.017544,0.034483,0.017241,0.033898,0.032787,0.048387,0.062500,0.062500,0.076923,0.092308,0.107692,0.123077,0.125000,0.140625,0.158730,0.161290,0.193548,0.213115,0.220339,0.241379,0.263158,0.267857,0.296296,0.339623,0.346154,0.380000,0.395833,0.416667,0.437500,0.437500,0.458333,0.448980,0.437500,0.448980,0.460000,0.460000,0.470588,0.461538,0.490566,0.500000,0.490909,0.481481,0.490909,0.490909,0.500000,0.482143,0.482143,0.490909,0.472727,0.481481,0.490566,0.500000,0.509804,0.519231,0.500000,0.491228,0.474576,0.467742,0.453125,0.446154,0.432836,0.434783,0.428571,0.410959,0.405405,0.407895,0.394737,0.397436,0.397436,0.397436,0.402597,0.415584,0.421053,0.426667,0.438356,0.444444,0.430556,0.410959,0.405405
0.041667,0.021277,0.021277,0.021739,0.022727,0.023256,0.000000,0.000000,0.000000,0.000000,0.000000,0.000000,0.000000,0.000000,0.000000,0.000000,0.000000,0.000000,0.000000,0.000000,0.000000,0.000000,0.000000,0.000000,0.000000,0.000000,0.000000,0.000000,0.000000,0.000000,0.000000,0.000000,0.000000,0.000000,0.000000,0.017241,0.017241,0.016949,0.032787,0.032258,0.046875,0.046875,0.061538,0.076923,0.092308,0.107692,0.109375,0.125000,0.142857,0.145161,0.177419,0.196721,0.203390,0.224138,0.245614,0.250000,0.277778,0.320755,0.326923,0.360000,0.395833,0.395833,0.416667,0.416667,0.437500,0.428571,0.416667,0.428571,0.440000,0.440000,0.450980,0.461538,0.471698,0.481481,0.472727,0.462963,0.472727,0.472727,0.482143,0.482143,0.482143,0.472727,0.472727,0.481481,0.490566,0.500000,0.509804,0.519231,0.500000,0.491228,0.474576,0.467742,0.453125,0.446154,0.432836,0.434783,0.414286,0.410959,0.405405,0.394737,0.394737,0.397436,0.397436,0.397436,0.389610,0.402597,0.407895,0.413333,0.438356,0.444444,0.430556,0.410959,0.405405
0.020833,0.000000,0.000000,0.000000,0.000000,0.000000,0.000000,0.000000,0.000000,0.000000,0.000000,0.000000,0.000000,0.023256,0.022727,0.021277,0.020408,0.019608,0.018868,0.018868,0.018182,0.018182,0.018182,0.000000,0.018519,0.018182,0.000000,0.000000,0.018182,0.000000,0.000000,0.000000,0.000000,0.000000,0.000000,0.017241,0.000000,0.016949,0.016393,0.032258,0.031250,0.031250,0.046154,0.076923,0.076923,0.092308,0.093750,0.109375,0.126984,0.129032,0.161290,0.180328,0.186441,0.206897,0.228070,0.232143,0.259259,0.283019,0.307692,0.340000,0.354167,0.375000,0.375000,0.395833,0.416667,0.408163,0.395833,0.408163,0.420000,0.420000,0.431373,0.442308,0.452830,0.462963,0.454545,0.444444,0.454545,0.454545,0.464286,0.464286,0.464286,0.472727,0.472727,0.462963,0.471698,0.500000,0.509804,0.500000,0.500000,0.491228,0.474576,0.467742,0.453125,0.446154,0.432836,0.434783,0.414286,0.410959,0.391892,0.394737,0.394737,0.397436,0.384615,0.384615,0.389610,0.402597,0.407895,0.413333,0.424658,0.444444,0.430556,0.410959,0.405405
0.000000,0.000000,0.000000,0.021739,0.000000,0.023256,0.024390,0.025641,0.026316,0.050000,0.048780,0.048780,0.047619,0.046512,0.045455,0.063830,0.061224,0.058824,0.056604,0.037736,0.054545,0.054545,0.054545,0.037037,0.037037,0.036364,0.018519,0.018182,0.018182,0.018519,0.018519,0.000000,0.000000,0.000000,0.000000,0.000000,0.000000,0.000000,0.016393,0.016129,0.015625,0.031250,0.030769,0.061538,0.061538,0.076923,0.078125,0.093750,0.095238,0.112903,0.145161,0.147541,0.169492,0.189655,0.192982,0.214286,0.222222,0.264151,0.288462,0.320000,0.333333,0.354167,0.354167,0.375000,0.375000,0.387755,0.375000,0.367347,0.380000,0.400000,0.411765,0.403846,0.415094,0.425926,0.436364,0.425926,0.436364,0.436364,0.446429,0.446429,0.446429,0.454545,0.454545,0.462963,0.452830,0.480769,0.490196,0.500000,0.481481,0.473684,0.474576,0.451613,0.453125,0.430769,0.432836,0.420290,0.414286,0.397260,0.391892,0.394737,0.394737,0.384615,0.384615,0.384615,0.389610,0.402597,0.407895,0.413333,0.424658,0.444444,0.430556,0.424658,0.405405
0.020833,0.000000,0.021277,0.021739,0.022727,0.046512,0.048780,0.051282,0.052632,0.075000,0.097561,0.097561,0.095238,0.093023,0.113636,0.106383,0.102041,0.098039,0.113208,0.094340,0.090909,0.090909,0.090909,0.074074,0.074074,0.072727,0.055556,0.054545,0.054545,0.037037,0.037037,0.018519,0.018182,0.000000,0.000000,0.000000,0.000000,0.000000,0.000000,0.000000,0.015625,0.015625,0.015385,0.046154,0.046154,0.061538,0.062500,0.078125,0.079365,0.096774,0.112903,0.131148,0.152542,0.155172,0.175439,0.178571,0.203704,0.245283,0.269231,0.280000,0.312500,0.312500,0.333333,0.333333,0.333333,0.346939,0.333333,0.326531,0.340000,0.340000,0.372549,0.365385,0.377358,0.388889,0.381818,0.388889,0.400000,0.400000,0.410714,0.410714,0.410714,0.436364,0.436364,0.425926,0.433962,0.461538,0.470588,0.480769,0.462963,0.456140,0.457627,0.435484,0.437500,0.415385,0.417910,0.420290,0.400000,0.397260,0.391892,0.381579,0.381579,0.384615,0.384615,0.384615,0.389610,0.402597,0.407895,0.413333,0.424658,0.444444,0.430556,0.424658,0.405405
0.041667,0.021277,0.042553,0.065217,0.068182,0.093023,0.097561,0.102564,0.105263,0.150000,0.146341,0.146341,0.166667,0.162791,0.159091,0.170213,0.163265,0.156863,0.150943,0.132075,0.127273,0.127273,0.127273,0.111111,0.111111,0.109091,0.074074,0.072727,0.072727,0.055556,0.055556,0.037037,0.036364,0.018182,0.017544,0.017241,0.000000,0.000000,0.000000,0.000000,0.000000,0.015625,0.015385,0.030769,0.030769,0.046154,0.046875,0.046875,0.063492,0.064516,0.096774,0.114754,0.118644,0.137931,0.140351,0.160714,0.166667,0.207547,0.230769,0.240000,0.270833,0.270833,0.291667,0.291667,0.291667,0.306122,0.291667,0.285714,0.300000,0.300000,0.313725,0.326923,0.339623,0.351852,0.345455,0.351852,0.363636,0.363636,0.375000,0.375000,0.392857,0.400000,0.400000,0.407407,0.415094,0.442308,0.450980,0.442308,0.444444,0.438596,0.423729,0.419355,0.421875,0.415385,0.402985,0.405797,0.400000,0.397260,0.378378,0.381579,0.381579,0.371795,0.371795,0.371795,0.376623,0.402597,0.407895,0.413333,0.438356,0.444444,0.430556,0.424658,0.418919
0.062500,0.063830,0.085106,0.108696,0.113636,0.139535,0.146341,0.179487,0.184211,0.200000,0.219512,0.219512,0.238095,0.232558,0.227273,0.234043,0.224490,0.215686,0.207547,0.188679,0.181818,0.181818,0.181818,0.166667,0.148148,0.145455,0.129630,0.109091,0.109091,0.092593,0.074074,0.055556,0.054545,0.018182,0.017544,0.017241,0.000000,0.000000,0.000000,0.000000,0.000000,0.000000,0.000000,0.030769,0.030769,0.030769,0.031250,0.046875,0.047619,0.048387,0.080645,0.081967,0.101695,0.103448,0.122807,0.125000,0.148148,0.169811,0.192308,0.200000,0.229167,0.229167,0.250000,0.250000,0.250000,0.244898,0.229167,0.244898,0.260000,0.260000,0.274510,0.288462,0.301887,0.314815,0.327273,0.314815,0.327273,0.327273,0.339286,0.357143,0.357143,0.363636,0.363636,0.370370,0.377358,0.403846,0.411765,0.423077,0.425926,0.403509,0.406780,0.403226,0.406250,0.384615,0.388060,0.391304,0.385714,0.383562,0.378378,0.368421,0.368421,0.371795,0.371795,0.371795,0.376623,0.389610,0.407895,0.413333,0.424658,0.444444,0.430556,0.424658,0.418919
0.104167,0.106383,0.127660,0.152174,0.181818,0.209302,0.219512,0.256410,0.263158,0.300000,0.292683,0.292683,0.309524,0.302326,0.318182,0.297872,0.285714,0.274510,0.283019,0.264151,0.236364,0.236364,0.236364,0.222222,0.203704,0.200000,0.166667,0.163636,0.145455,0.129630,0.111111,0.074074,0.072727,0.036364,0.035088,0.034483,0.000000,0.000000,0.000000,0.000000,0.000000,0.000000,0.000000,0.015385,0.015385,0.030769,0.031250,0.031250,0.031746,0.032258,0.064516,0.065574,0.084746,0.086207,0.087719,0.107143,0.111111,0.132075,0.153846,0.160000,0.187500,0.187500,0.208333,0.208333,0.208333,0.204082,0.187500,0.183673,0.220000,0.220000,0.235294,0.250000,0.264151,0.296296,0.290909,0.277778,0.290909,0.290909,0.321429,0.321429,0.321429,0.327273,0.327273,0.333333,0.358491,0.365385,0.372549,0.384615,0.388889,0.385965,0.389831,0.370968,0.375000,0.369231,0.373134,0.376812,0.371429,0.369863,0.364865,0.355263,0.355263,0.358974,0.358974,0.358974,0.376623,0.389610,0.394737,0.400000,0.424658,0.430556,0.430556,0.410959,0.405405
0.145833,0.148936,0.191489,0.217391,0.250000,0.279070,0.292683,0.333333,0.342105,0.375000,0.390244,0.390244,0.404762,0.395349,0.386364,0.382979,0.367347,0.352941,0.339623,0.320755,0.309091,0.309091,0.290909,0.277778,0.259259,0.254545,0.222222,0.200000,0.200000,0.166667,0.148148,0.111111,0.090909,0.072727,0.052632,0.034483,0.017241,0.000000,0.000000,0.000000,0.000000,0.000000,0.000000,0.015385,0.015385,0.015385,0.015625,0.015625,0.015873,0.032258,0.048387,0.049180,0.050847,0.068966,0.070175,0.071429,0.092593,0.113208,0.115385,0.140000,0.145833,0.145833,0.145833,0.166667,0.166667,0.163265,0.145833,0.142857,0.180000,0.180000,0.215686,0.211538,0.245283,0.259259,0.254545,0.240741,0.272727,0.272727,0.285714,0.285714,0.303571,0.309091,0.309091,0.314815,0.320755,0.346154,0.333333,0.346154,0.351852,0.350877,0.355932,0.354839,0.359375,0.338462,0.343284,0.347826,0.342857,0.342466,0.337838,0.342105,0.342105,0.346154,0.346154,0.346154,0.350649,0.376623,0.381579,0.386667,0.397260,0.416667,0.402778,0.397260,0.378378
0.187500,0.212766,0.234043,0.282609,0.295455,0.348837,0.390244,0.410256,0.447368,0.475000,0.463415,0.487805,0.476190,0.488372,0.477273,0.468085,0.448980,0.431373,0.415094,0.396226,0.381818,0.363636,0.363636,0.333333,0.333333,0.309091,0.277778,0.254545,0.236364,0.203704,0.185185,0.148148,0.127273,0.090909,0.070175,0.051724,0.034483,0.016949,0.000000,0.000000,0.000000,0.000000,0.000000,0.015385,0.015385,0.015385,0.015625,0.015625,0.015873,0.016129,0.032258,0.032787,0.050847,0.051724,0.052632,0.053571,0.074074,0.094340,0.096154,0.100000,0.104167,0.125000,0.125000,0.125000,0.125000,0.122449,0.104167,0.122449,0.140000,0.160000,0.176471,0.173077,0.207547,0.222222,0.218182,0.222222,0.236364,0.254545,0.267857,0.267857,0.267857,0.272727,0.272727,0.277778,0.283019,0.307692,0.313725,0.307692,0.314815,0.315789,0.322034,0.322581,0.328125,0.323077,0.328358,0.333333,0.328571,0.328767,0.324324,0.328947,0.328947,0.333333,0.333333,0.333333,0.337662,0.350649,0.355263,0.360000,0.369863,0.375000,0.361111,0.342466,0.324324
0.229167,0.255319,0.297872,0.326087,0.363636,0.418605,0.463415,0.512821,0.526316,0.550000,0.560976,0.585366,0.571429,0.581395,0.568182,0.553191,0.530612,0.509804,0.490566,0.471698,0.436364,0.436364,0.418182,0.407407,0.388889,0.363636,0.333333,0.290909,0.272727,0.240741,0.222222,0.166667,0.145455,0.109091,0.087719,0.068966,0.034483,0.033898,0.016393,0.000000,0.000000,0.000000,0.000000,0.000000,0.000000,0.000000,0.000000,0.000000,0.000000,0.016129,0.032258,0.032787,0.033898,0.034483,0.035088,0.035714,0.037037,0.056604,0.076923,0.080000,0.083333,0.083333,0.083333,0.083333,0.083333,0.102041,0.083333,0.081633,0.120000,0.120000,0.156863,0.153846,0.169811,0.203704,0.200000,0.203704,0.218182,0.236364,0.250000,0.250000,0.250000,0.254545,0.254545,0.240741,0.245283,0.269231,0.274510,0.288462,0.277778,0.280702,0.288136,0.290323,0.296875,0.292308,0.298507,0.304348,0.300000,0.301370,0.297297,0.302632,0.302632,0.294872,0.294872,0.294872,0.298701,0.311688,0.302632,0.306667,0.315068,0.305556,0.291667,0.287671,0.270270
0.291667,0.297872,0.340426,0.391304,0.431818,0.488372,0.536585,0.589744,0.631579,0.650000,0.658537,0.658537,0.666667,0.674419,0.659091,0.638298,0.612245,0.588235,0.566038,0.547170,0.509091,0.509091,0.490909,0.462963,0.444444,0.418182,0.370370,0.345455,0.309091,0.277778,0.240741,0.203704,0.181818,0.127273,0.105263,0.086207,0.051724,0.033898,0.016393,0.016129,0.000000,0.000000,0.000000,0.000000,0.000000,0.000000,0.000000,0.000000,0.000000,0.000000,0.016129,0.016393,0.016949,0.034483,0.035088,0.017857,0.018519,0.037736,0.038462,0.040000,0.041667,0.041667,0.041667,0.062500,0.062500,0.061224,0.062500,0.061224,0.100000,0.100000,0.137255,0.134615,0.169811,0.185185,0.200000,0.203704,0.218182,0.218182,0.232143,0.232143,0.232143,0.236364,0.218182,0.222222,0.207547,0.230769,0.235294,0.250000,0.259259,0.245614,0.254237,0.258065,0.265625,0.261538,0.268657,0.275362,0.271429,0.260274,0.256757,0.263158,0.250000,0.256410,0.256410,0.256410,0.246753,0.259740,0.250000,0.240000,0.246575,0.250000,0.236111,0.232877,0.216216
0.333333,0.361702,0.404255,0.456522,0.500000,0.558140,0.609756,0.666667,0.710526,0.725000,0.731707,0.756098,0.761905,0.744186,0.750000,0.702128,0.693878,0.666667,0.641509,0.603774,0.581818,0.563636,0.545455,0.518519,0.500000,0.472727,0.425926,0.381818,0.363636,0.314815,0.277778,0.240741,0.200000,0.163636,0.122807,0.103448,0.068966,0.050847,0.032787,0.016129,0.015625,0.000000,0.000000,0.000000,0.000000,0.000000,0.000000,0.000000,0.000000,0.000000,0.016129,0.016393,0.016949,0.017241,0.017544,0.017857,0.018519,0.018868,0.019231,0.020000,0.020833,0.020833,0.020833,0.041667,0.041667,0.040816,0.041667,0.040816,0.080000,0.080000,0.117647,0.134615,0.150943,0.185185,0.200000,0.185185,0.200000,0.218182,0.232143,0.232143,0.214286,0.218182,0.200000,0.203704,0.188679,0.211538,0.196078,0.211538,0.222222,0.228070,0.237288,0.225806,0.234375,0.230769,0.238806,0.231884,0.228571,0.232877,0.216216,0.223684,0.210526,0.217949,0.205128,0.205128,0.194805,0.194805,0.197368,0.186667,0.191781,0.208333,0.194444,0.178082,0.175676
0.354167,0.404255,0.446809,0.500000,0.545455,0.604651,0.682927,0.743590,0.789474,0.800000,0.804878,0.829268,0.833333,0.813953,0.818182,0.765957,0.755102,0.725490,0.698113,0.660377,0.636364,0.618182,0.600000,0.574074,0.555556,0.509091,0.462963,0.436364,0.400000,0.351852,0.314815,0.259259,0.236364,0.181818,0.140351,0.120690,0.068966,0.050847,0.032787,0.032258,0.015625,0.000000,0.000000,0.015385,0.000000,0.000000,0.000000,0.000000,0.000000,0.000000,0.016129,0.016393,0.016949,0.017241,0.000000,0.000000,0.000000,0.018868,0.000000,0.000000,0.000000,0.000000,0.000000,0.020833,0.020833,0.040816,0.020833,0.040816,0.060000,0.080000,0.117647,0.115385,0.150943,0.166667,0.181818,0.166667,0.200000,0.200000,0.214286,0.214286,0.196429,0.200000,0.181818,0.166667,0.169811,0.173077,0.176471,0.192308,0.185185,0.192982,0.203390,0.193548,0.203125,0.200000,0.194030,0.202899,0.185714,0.191781,0.175676,0.171053,0.171053,0.166667,0.153846,0.141026,0.142857,0.142857,0.144737,0.146667,0.150685,0.152778,0.138889,0.136986,0.121622
0.395833,0.425532,0.489362,0.543478,0.590909,0.651163,0.731707,0.794872,0.842105,0.850000,0.853659,0.878049,0.880952,0.860465,0.863636,0.808511,0.795918,0.764706,0.735849,0.716981,0.672727,0.672727,0.636364,0.611111,0.592593,0.545455,0.518519,0.472727,0.436364,0.388889,0.351852,0.296296,0.254545,0.200000,0.157895,0.120690,0.086207,0.067797,0.049180,0.032258,0.015625,0.000000,0.000000,0.015385,0.000000,0.000000,0.000000,0.000000,0.000000,0.000000,0.016129,0.000000,0.000000,0.000000,0.000000,0.000000,0.000000,0.000000,0.000000,0.000000,0.000000,0.000000,0.000000,0.000000,0.020833,0.020408,0.020833,0.020408,0.060000,0.060000,0.098039,0.096154,0.132075,0.148148,0.145455,0.129630,0.163636,0.163636,0.178571,0.178571,0.178571,0.163636,0.145455,0.148148,0.132075,0.153846,0.137255,0.153846,0.166667,0.157895,0.169492,0.161290,0.171875,0.153846,0.149254,0.159420,0.142857,0.150685,0.135135,0.131579,0.118421,0.115385,0.102564,0.102564,0.090909,0.103896,0.105263,0.106667,0.109589,0.111111,0.097222,0.082192,0.081081
0.437500,0.468085,0.510638,0.565217,0.636364,0.697674,0.756098,0.820513,0.868421,0.875000,0.878049,0.902439,0.904762,0.906977,0.909091,0.851064,0.836735,0.803922,0.773585,0.754717,0.709091,0.690909,0.672727,0.648148,0.629630,0.581818,0.537037,0.509091,0.472727,0.425926,0.388889,0.314815,0.272727,0.218182,0.175439,0.137931,0.086207,0.067797,0.049180,0.032258,0.015625,0.000000,0.000000,0.015385,0.015385,0.000000,0.000000,0.000000,0.000000,0.000000,0.000000,0.000000,0.000000,0.000000,0.000000,0.000000,0.000000,0.000000,0.000000,0.000000,0.000000,0.000000,0.000000,0.000000,0.000000,0.020408,0.000000,0.020408,0.040000,0.060000,0.078431,0.076923,0.094340,0.111111,0.109091,0.092593,0.109091,0.109091,0.125000,0.125000,0.125000,0.127273,0.109091,0.111111,0.094340,0.115385,0.098039,0.115385,0.129630,0.122807,0.135593,0.129032,0.125000,0.123077,0.119403,0.115942,0.114286,0.109589,0.094595,0.092105,0.078947,0.076923,0.064103,0.064103,0.064935,0.077922,0.065789,0.066667,0.068493,0.069444,0.055556,0.054795,0.040541
0.458333,0.489362,0.531915,0.586957,0.659091,0.720930,0.780488,0.846154,0.921053,0.925000,0.926829,0.951220,0.952381,0.930233,0.931818,0.893617,0.857143,0.823529,0.792453,0.773585,0.745455,0.727273,0.709091,0.685185,0.648148,0.618182,0.574074,0.545455,0.509091,0.462963,0.425926,0.351852,0.309091,0.236364,0.192982,0.155172,0.103448,0.067797,0.049180,0.032258,0.015625,0.015625,0.000000,0.015385,0.015385,0.000000,0.000000,0.000000,0.000000,0.000000,0.000000,0.000000,0.000000,0.000000,0.000000,0.000000,0.000000,0.000000,0.000000,0.000000,0.000000,0.000000,0.000000,0.000000,0.000000,0.020408,0.000000,0.000000,0.040000,0.040000,0.058824,0.057692,0.075472,0.092593,0.090909,0.074074,0.072727,0.072727,0.089286,0.089286,0.089286,0.072727,0.072727,0.074074,0.075472,0.076923,0.078431,0.076923,0.092593,0.087719,0.101695,0.096774,0.093750,0.092308,0.089552,0.086957,0.071429,0.068493,0.054054,0.065789,0.052632,0.051282,0.038462,0.038462,0.038961,0.038961,0.039474,0.026667,0.041096,0.041667,0.027778,0.027397,0.013514
0.479167,0.510638,0.553191,0.608696,0.659091,0.744186,0.804878,0.871795,0.921053,0.950000,0.951220,0.975610,0.976190,0.976744,0.954545,0.914894,0.877551,0.843137,0.811321,0.792453,0.763636,0.745455,0.727273,0.703704,0.685185,0.636364,0.611111,0.563636,0.527273,0.481481,0.444444,0.388889,0.327273,0.254545,0.210526,0.172414,0.120690,0.084746,0.065574,0.032258,0.031250,0.015625,0.000000,0.015385,0.015385,0.000000,0.000000,0.000000,0.000000,0.000000,0.016129,0.000000,0.000000,0.000000,0.000000,0.000000,0.000000,0.018868,0.019231,0.020000,0.020833,0.000000,0.000000,0.000000,0.000000,0.000000,0.000000,0.000000,0.020000,0.020000,0.039216,0.038462,0.056604,0.074074,0.054545,0.037037,0.036364,0.036364,0.053571,0.053571,0.035714,0.036364,0.036364,0.037037,0.037736,0.057692,0.039216,0.057692,0.055556,0.070175,0.067797,0.064516,0.078125,0.061538,0.059701,0.057971,0.042857,0.041096,0.027027,0.039474,0.026316,0.025641,0.012821,0.012821,0.012987,0.012987,0.013158,0.000000,0.013699,0.013889,0.013889,0.000000,0.000000
0.479167,0.510638,0.553191,0.630435,0.681818,0.744186,0.804878,0.897436,0.947368,0.950000,0.951220,0.975610,0.976190,0.976744,0.977273,0.914894,0.897959,0.862745,0.830189,0.811321,0.781818,0.763636,0.745455,0.722222,0.703704,0.672727,0.648148,0.600000,0.563636,0.518519,0.481481,0.407407,0.345455,0.290909,0.228070,0.189655,0.137931,0.101695,0.065574,0.048387,0.031250,0.015625,0.015385,0.015385,0.015385,0.000000,0.000000,0.000000,0.000000,0.000000,0.016129,0.016393,0.000000,0.000000,0.000000,0.000000,0.000000,0.018868,0.019231,0.020000,0.020833,0.020833,0.020833,0.020833,0.020833,0.020408,0.000000,0.000000,0.000000,0.000000,0.019608,0.019231,0.037736,0.037037,0.036364,0.018519,0.018182,0.018182,0.017857,0.017857,0.017857,0.018182,0.018182,0.018519,0.018868,0.038462,0.019608,0.038462,0.037037,0.052632,0.050847,0.048387,0.046875,0.030769,0.029851,0.043478,0.028571,0.027397,0.013514,0.013158,0.000000,0.000000,0.000000,0.000000,0.000000,0.012987,0.000000,0.000000,0.000000,0.000000,0.000000,0.000000,0.000000
0.479167,0.510638,0.574468,0.630435,0.681818,0.767442,0.829268,0.897436,0.947368,0.975000,0.975610,1.000000,0.976190,0.976744,0.977273,0.914894,0.897959,0.862745,0.830189,0.811321,0.781818,0.763636,0.763636,0.740741,0.722222,0.690909,0.648148,0.618182,0.600000,0.555556,0.500000,0.444444,0.381818,0.309091,0.245614,0.206897,0.155172,0.118644,0.081967,0.064516,0.046875,0.031250,0.015385,0.030769,0.015385,0.015385,0.000000,0.000000,0.000000,0.000000,0.016129,0.016393,0.016949,0.017241,0.017544,0.017857,0.018519,0.037736,0.038462,0.040000,0.041667,0.041667,0.041667,0.020833,0.020833,0.020408,0.000000,0.000000,0.000000,0.000000,0.019608,0.000000,0.018868,0.037037,0.036364,0.000000,0.000000,0.000000,0.000000,0.000000,0.000000,0.000000,0.000000,0.000000,0.000000,0.019231,0.019608,0.019231,0.018519,0.035088,0.033898,0.032258,0.031250,0.015385,0.014925,0.014493,0.014286,0.013699,0.000000,0.000000,0.000000,0.000000,0.000000,0.000000,0.000000,0.000000,0.000000,0.000000,0.000000,0.013889,0.000000,0.000000,0.000000
0.500000,0.531915,0.574468,0.652174,0.704545,0.767442,0.853659,0.923077,0.973684,0.975000,0.975610,1.000000,1.000000,0.976744,0.977273,0.914894,0.897959,0.862745,0.830189,0.811321,0.781818,0.763636,0.763636,0.740741,0.722222,0.690909,0.666667,0.636364,0.600000,0.574074,0.537037,0.462963,0.400000,0.327273,0.263158,0.224138,0.172414,0.135593,0.114754,0.080645,0.062500,0.031250,0.030769,0.030769,0.015385,0.015385,0.015625,0.000000,0.000000,0.000000,0.016129,0.016393,0.016949,0.017241,0.017544,0.035714,0.037037,0.056604,0.057692,0.060000,0.062500,0.062500,0.062500,0.041667,0.041667,0.040816,0.000000,0.000000,0.000000,0.000000,0.000000,0.000000,0.018868,0.018519,0.018182,0.000000,0.000000,0.000000,0.000000,0.000000,0.000000,0.000000,0.000000,0.000000,0.000000,0.019231,0.000000,0.000000,0.018519,0.017544,0.016949,0.016129,0.015625,0.000000,0.000000,0.014493,0.000000,0.000000,0.000000,0.013158,0.000000,0.012821,0.012821,0.012821,0.000000,0.012987,0.000000,0.013333,0.013699,0.027778,0.013889,0.013699,0.027027
0.500000,0.553191,0.595745,0.652174,0.727273,0.790698,0.878049,0.948718,1.000000,1.000000,1.000000,1.000000,1.000000,1.000000,0.977273,0.914894,0.877551,0.843137,0.811321,0.792453,0.763636,0.745455,0.745455,0.740741,0.722222,0.690909,0.666667,0.636364,0.618182,0.592593,0.555556,0.500000,0.436364,0.345455,0.280702,0.241379,0.189655,0.152542,0.131148,0.096774,0.078125,0.046875,0.030769,0.030769,0.030769,0.015385,0.015625,0.015625,0.015873,0.016129,0.032258,0.032787,0.033898,0.034483,0.035088,0.053571,0.055556,0.075472,0.076923,0.080000,0.083333,0.083333,0.083333,0.083333,0.062500,0.061224,0.020833,0.020408,0.020000,0.000000,0.000000,0.000000,0.000000,0.018519,0.018182,0.000000,0.000000,0.000000,0.017857,0.000000,0.000000,0.000000,0.000000,0.000000,0.000000,0.000000,0.000000,0.000000,0.000000,0.000000,0.000000,0.000000,0.000000,0.000000,0.000000,0.000000,0.000000,0.013699,0.013514,0.026316,0.013158,0.025641,0.025641,0.012821,0.012987,0.025974,0.026316,0.026667,0.041096,0.041667,0.041667,0.041096,0.040541
0.520833,0.574468,0.617021,0.673913,0.750000,0.813953,0.878049,0.948718,1.000000,1.000000,1.000000,1.000000,1.000000,0.976744,0.954545,0.893617,0.857143,0.823529,0.792453,0.773585,0.745455,0.727273,0.727273,0.722222,0.703704,0.690909,0.666667,0.636364,0.618182,0.592593,0.555556,0.500000,0.454545,0.381818,0.315789,0.258621,0.206897,0.186441,0.147541,0.112903,0.093750,0.062500,0.046154,0.046154,0.030769,0.030769,0.015625,0.015625,0.015873,0.016129,0.032258,0.032787,0.050847,0.051724,0.070175,0.071429,0.074074,0.113208,0.115385,0.120000,0.125000,0.125000,0.104167,0.104167,0.104167,0.081633,0.062500,0.040816,0.040000,0.020000,0.019608,0.000000,0.000000,0.018519,0.018182,0.000000,0.018182,0.000000,0.017857,0.017857,0.017857,0.018182,0.018182,0.018519,0.000000,0.019231,0.000000,0.000000,0.000000,0.000000,0.000000,0.000000,0.000000,0.000000,0.000000,0.014493,0.014286,0.027397,0.027027,0.039474,0.026316,0.038462,0.038462,0.038462,0.038961,0.051948,0.052632,0.066667,0.068493,0.083333,0.083333,0.082192,0.081081
0.541667,0.595745,0.638298,0.695652,0.750000,0.813953,0.878049,0.948718,1.000000,1.000000,0.975610,1.000000,0.976190,0.953488,0.931818,0.872340,0.836735,0.803922,0.773585,0.735849,0.709091,0.709091,0.709091,0.685185,0.685185,0.672727,0.648148,0.636364,0.618182,0.592593,0.555556,0.518519,0.472727,0.400000,0.333333,0.275862,0.224138,0.203390,0.163934,0.145161,0.109375,0.078125,0.061538,0.061538,0.046154,0.046154,0.031250,0.031250,0.031746,0.032258,0.048387,0.049180,0.067797,0.068966,0.087719,0.089286,0.111111,0.132075,0.134615,0.140000,0.145833,0.145833,0.145833,0.125000,0.125000,0.122449,0.083333,0.061224,0.060000,0.040000,0.039216,0.000000,0.000000,0.000000,0.000000,0.000000,0.018182,0.018182,0.035714,0.035714,0.035714,0.036364,0.036364,0.018519,0.018868,0.019231,0.019608,0.019231,0.000000,0.017544,0.016949,0.016129,0.015625,0.000000,0.014925,0.028986,0.028571,0.041096,0.040541,0.052632,0.052632,0.064103,0.064103,0.064103,0.064935,0.077922,0.092105,0.106667,0.109589,0.125000,0.125000,0.123288,0.121622
0.562500,0.595745,0.659574,0.717391,0.772727,0.813953,0.878049,0.948718,1.000000,0.975000,0.975610,0.975610,0.952381,0.930233,0.909091,0.851064,0.795918,0.764706,0.735849,0.698113,0.672727,0.672727,0.672727,0.648148,0.648148,0.636364,0.629630,0.618182,0.600000,0.574074,0.555556,0.518519,0.472727,0.418182,0.350877,0.310345,0.258621,0.220339,0.196721,0.161290,0.125000,0.093750,0.076923,0.076923,0.061538,0.046154,0.046875,0.046875,0.031746,0.032258,0.064516,0.065574,0.084746,0.086207,0.105263,0.125000,0.129630,0.169811,0.173077,0.180000,0.187500,0.166667,0.166667,0.166667,0.145833,0.142857,0.104167,0.102041,0.100000,0.080000,0.058824,0.019231,0.018868,0.018519,0.018182,0.000000,0.018182,0.036364,0.053571,0.071429,0.053571,0.054545,0.054545,0.055556,0.037736,0.057692,0.039216,0.038462,0.037037,0.035088,0.033898,0.032258,0.031250,0.030769,0.044776,0.057971,0.057143,0.068493,0.067568,0.078947,0.078947,0.089744,0.089744,0.102564,0.103896,0.129870,0.131579,0.146667,0.164384,0.180556,0.180556,0.178082,0.175676
0.583333,0.617021,0.659574,0.717391,0.750000,0.813953,0.878049,0.923077,0.973684,0.950000,0.951220,0.951220,0.928571,0.906977,0.863636,0.808511,0.755102,0.725490,0.679245,0.660377,0.636364,0.618182,0.618182,0.611111,0.611111,0.600000,0.592593,0.581818,0.581818,0.555556,0.537037,0.500000,0.472727,0.418182,0.368421,0.327586,0.275862,0.237288,0.196721,0.177419,0.140625,0.109375,0.092308,0.076923,0.061538,0.061538,0.046875,0.046875,0.047619,0.048387,0.064516,0.081967,0.101695,0.103448,0.122807,0.142857,0.166667,0.188679,0.211538,0.220000,0.229167,0.208333,0.208333,0.187500,0.187500,0.163265,0.125000,0.122449,0.120000,0.100000,0.098039,0.057692,0.056604,0.055556,0.036364,0.018519,0.054545,0.054545,0.089286,0.089286,0.089286,0.090909,0.090909,0.074074,0.075472,0.076923,0.058824,0.057692,0.055556,0.052632,0.050847,0.064516,0.062500,0.061538,0.074627,0.086957,0.085714,0.095890,0.094595,0.105263,0.105263,0.115385,0.128205,0.141026,0.142857,0.168831,0.184211,0.200000,0.219178,0.222222,0.222222,0.219178,0.229730
0.583333,0.617021,0.659574,0.695652,0.750000,0.813953,0.853659,0.923077,0.947368,0.925000,0.926829,0.902439,0.880952,0.860465,0.818182,0.765957,0.714286,0.686275,0.641509,0.603774,0.581818,0.581818,0.563636,0.555556,0.574074,0.563636,0.555556,0.545455,0.545455,0.537037,0.518519,0.500000,0.454545,0.418182,0.368421,0.327586,0.275862,0.254237,0.213115,0.193548,0.156250,0.125000,0.092308,0.092308,0.076923,0.061538,0.062500,0.062500,0.063492,0.064516,0.080645,0.098361,0.118644,0.137931,0.157895,0.178571,0.185185,0.226415,0.230769,0.260000,0.270833,0.250000,0.250000,0.229167,0.208333,0.183673,0.166667,0.142857,0.140000,0.120000,0.137255,0.115385,0.094340,0.111111,0.090909,0.074074,0.090909,0.109091,0.125000,0.125000,0.125000,0.127273,0.127273,0.129630,0.113208,0.134615,0.117647,0.115385,0.111111,0.105263,0.101695,0.096774,0.109375,0.107692,0.104478,0.115942,0.114286,0.123288,0.121622,0.144737,0.144737,0.153846,0.166667,0.179487,0.194805,0.220779,0.236842,0.240000,0.260274,0.277778,0.277778,0.273973,0.270270
0.583333,0.617021,0.659574,0.695652,0.750000,0.790698,0.853659,0.897436,0.921053,0.900000,0.878049,0.878049,0.857143,0.813953,0.772727,0.723404,0.673469,0.627451,0.584906,0.566038,0.527273,0.527273,0.527273,0.518519,0.518519,0.509091,0.518519,0.509091,0.509091,0.500000,0.500000,0.462963,0.454545,0.400000,0.368421,0.327586,0.275862,0.254237,0.213115,0.193548,0.156250,0.140625,0.107692,0.107692,0.092308,0.076923,0.078125,0.062500,0.079365,0.080645,0.112903,0.114754,0.135593,0.155172,0.175439,0.196429,0.222222,0.264151,0.269231,0.280000,0.291667,0.291667,0.270833,0.250000,0.250000,0.224490,0.187500,0.163265,0.160000,0.140000,0.156863,0.134615,0.150943,0.148148,0.145455,0.111111,0.145455,0.145455,0.160714,0.178571,0.178571,0.181818,0.181818,0.166667,0.169811,0.173077,0.176471,0.173077,0.166667,0.157895,0.152542,0.145161,0.156250,0.153846,0.149254,0.159420,0.157143,0.164384,0.162162,0.171053,0.184211,0.205128,0.205128,0.217949,0.233766,0.259740,0.276316,0.293333,0.315068,0.333333,0.333333,0.328767,0.324324
0.583333,0.617021,0.659574,0.695652,0.750000,0.790698,0.829268,0.897436,0.921053,0.900000,0.853659,0.853659,0.809524,0.767442,0.750000,0.680851,0.632653,0.588235,0.547170,0.509434,0.490909,0.472727,0.472727,0.462963,0.462963,0.472727,0.462963,0.454545,0.472727,0.462963,0.462963,0.444444,0.418182,0.381818,0.350877,0.310345,0.275862,0.254237,0.213115,0.193548,0.171875,0.140625,0.107692,0.107692,0.092308,0.092308,0.078125,0.078125,0.095238,0.096774,0.129032,0.147541,0.152542,0.172414,0.192982,0.214286,0.240741,0.283019,0.288462,0.300000,0.291667,0.291667,0.270833,0.270833,0.250000,0.224490,0.187500,0.163265,0.160000,0.160000,0.156863,0.153846,0.169811,0.166667,0.163636,0.148148,0.163636,0.163636,0.196429,0.196429,0.214286,0.236364,0.236364,0.240741,0.226415,0.250000,0.235294,0.250000,0.240741,0.228070,0.220339,0.209677,0.203125,0.200000,0.208955,0.202899,0.200000,0.205479,0.202703,0.223684,0.223684,0.243590,0.256410,0.269231,0.285714,0.311688,0.328947,0.346667,0.369863,0.388889,0.388889,0.383562,0.378378
0.604167,0.617021,0.659574,0.695652,0.750000,0.790698,0.829268,0.871795,0.894737,0.875000,0.829268,0.829268,0.785714,0.744186,0.704545,0.638298,0.591837,0.549020,0.509434,0.471698,0.436364,0.436364,0.436364,0.425926,0.425926,0.418182,0.425926,0.418182,0.436364,0.425926,0.425926,0.407407,0.400000,0.363636,0.333333,0.293103,0.258621,0.237288,0.213115,0.193548,0.156250,0.140625,0.107692,0.107692,0.107692,0.092308,0.093750,0.093750,0.095238,0.112903,0.145161,0.163934,0.169492,0.189655,0.192982,0.214286,0.240741,0.283019,0.288462,0.280000,0.270833,0.250000,0.250000,0.250000,0.250000,0.224490,0.187500,0.183673,0.180000,0.160000,0.176471,0.153846,0.169811,0.185185,0.163636,0.148148,0.163636,0.163636,0.196429,0.214286,0.232143,0.254545,0.272727,0.296296,0.301887,0.326923,0.313725,0.326923,0.314815,0.298246,0.305085,0.290323,0.281250,0.261538,0.268657,0.260870,0.257143,0.260274,0.256757,0.263158,0.276316,0.294872,0.294872,0.307692,0.324675,0.350649,0.368421,0.386667,0.410959,0.430556,0.444444,0.438356,0.445946
0.604167,0.638298,0.680851,0.717391,0.750000,0.813953,0.829268,0.871795,0.894737,0.850000,0.829268,0.804878,0.761905,0.720930,0.681818,0.617021,0.571429,0.509804,0.471698,0.433962,0.400000,0.400000,0.381818,0.370370,0.370370,0.381818,0.370370,0.381818,0.381818,0.388889,0.388889,0.370370,0.363636,0.345455,0.298246,0.275862,0.241379,0.220339,0.196721,0.177419,0.156250,0.140625,0.123077,0.107692,0.107692,0.092308,0.093750,0.109375,0.111111,0.129032,0.161290,0.180328,0.186441,0.189655,0.210526,0.214286,0.240741,0.264151,0.269231,0.260000,0.229167,0.208333,0.229167,0.229167,0.229167,0.224490,0.187500,0.183673,0.180000,0.180000,0.176471,0.153846,0.169811,0.166667,0.163636,0.148148,0.163636,0.163636,0.196429,0.214286,0.250000,0.272727,0.309091,0.351852,0.377358,0.403846,0.411765,0.423077,0.407407,0.385965,0.372881,0.370968,0.359375,0.338462,0.328358,0.333333,0.328571,0.315068,0.310811,0.328947,0.328947,0.346154,0.358974,0.358974,0.376623,0.402597,0.421053,0.440000,0.479452,0.500000,0.500000,0.506849,0.500000
0.645833,0.659574,0.702128,0.739130,0.772727,0.813953,0.853659,0.871795,0.894737,0.850000,0.804878,0.780488,0.738095,0.697674,0.659091,0.595745,0.530612,0.490196,0.452830,0.415094,0.381818,0.363636,0.363636,0.333333,0.333333,0.345455,0.333333,0.345455,0.345455,0.351852,0.351852,0.333333,0.327273,0.309091,0.280702,0.241379,0.206897,0.186441,0.180328,0.161290,0.140625,0.125000,0.107692,0.107692,0.107692,0.107692,0.109375,0.109375,0.126984,0.145161,0.177419,0.196721,0.203390,0.206897,0.210526,0.214286,0.222222,0.245283,0.230769,0.220000,0.208333,0.208333,0.229167,0.229167,0.229167,0.224490,0.208333,0.204082,0.200000,0.200000,0.196078,0.173077,0.169811,0.166667,0.163636,0.148148,0.163636,0.181818,0.214286,0.232143,0.267857,0.309091,0.345455,0.370370,0.415094,0.480769,0.509804,0.519231,0.500000,0.473684,0.457627,0.451613,0.437500,0.430769,0.417910,0.405797,0.400000,0.397260,0.378378,0.394737,0.394737,0.410256,0.410256,0.423077,0.441558,0.467532,0.486842,0.506667,0.534247,0.569444,0.569444,0.561644,0.567568
0.687500,0.702128,0.744681,0.782609,0.818182,0.837209,0.878049,0.897436,0.894737,0.850000,0.780488,0.756098,0.714286,0.674419,0.636364,0.574468,0.510204,0.470588,0.433962,0.396226,0.363636,0.345455,0.327273,0.314815,0.314815,0.309091,0.296296,0.309091,0.309091,0.314815,0.314815,0.296296,0.290909,0.272727,0.245614,0.224138,0.189655,0.169492,0.147541,0.145161,0.140625,0.125000,0.107692,0.107692,0.107692,0.107692,0.109375,0.125000,0.142857,0.161290,0.193548,0.196721,0.220339,0.224138,0.228070,0.214286,0.203704,0.207547,0.211538,0.240000,0.270833,0.291667,0.291667,0.312500,0.291667,0.285714,0.250000,0.244898,0.240000,0.220000,0.215686,0.192308,0.188679,0.185185,0.181818,0.148148,0.181818,0.200000,0.232143,0.267857,0.303571,0.363636,0.400000,0.444444,0.471698,0.538462,0.588235,0.615385,0.611111,0.578947,0.559322,0.532258,0.531250,0.523077,0.507463,0.507246,0.485714,0.479452,0.459459,0.460526,0.473684,0.474359,0.487179,0.487179,0.506494,0.532468,0.552632,0.573333,0.616438,0.638889,0.638889,0.630137,0.635135
0.729167,0.744681,0.765957,0.804348,0.840909,0.860465,0.878049,0.897436,0.894737,0.825000,0.780488,0.756098,0.714286,0.674419,0.613636,0.553191,0.510204,0.450980,0.415094,0.377358,0.345455,0.327273,0.309091,0.296296,0.296296,0.290909,0.277778,0.272727,0.290909,0.277778,0.277778,0.277778,0.272727,0.236364,0.210526,0.189655,0.155172,0.135593,0.131148,0.129032,0.125000,0.109375,0.092308,0.107692,0.107692,0.107692,0.109375,0.125000,0.142857,0.161290,0.193548,0.213115,0.220339,0.241379,0.228070,0.232143,0.203704,0.188679,0.230769,0.320000,0.375000,0.395833,0.416667,0.416667,0.395833,0.387755,0.354167,0.326531,0.320000,0.280000,0.274510,0.250000,0.245283,0.240741,0.218182,0.203704,0.218182,0.236364,0.267857,0.303571,0.357143,0.418182,0.454545,0.518519,0.566038,0.615385,0.647059,0.692308,0.685185,0.666667,0.661017,0.645161,0.625000,0.615385,0.611940,0.594203,0.585714,0.575342,0.554054,0.552632,0.552632,0.551282,0.564103,0.564103,0.584416,0.610390,0.631579,0.653333,0.684932,0.708333,0.708333,0.698630,0.689189
0.770833,0.787234,0.808511,0.847826,0.863636,0.883721,0.902439,0.897436,0.894737,0.825000,0.780488,0.756098,0.690476,0.651163,0.613636,0.531915,0.489796,0.450980,0.396226,0.358491,0.327273,0.309091,0.290909,0.277778,0.277778,0.272727,0.259259,0.254545,0.272727,0.259259,0.259259,0.240741,0.236364,0.200000,0.192982,0.172414,0.137931,0.118644,0.114754,0.112903,0.109375,0.093750,0.092308,0.092308,0.092308,0.107692,0.125000,0.140625,0.158730,0.177419,0.209677,0.213115,0.237288,0.241379,0.263158,0.267857,0.240741,0.245283,0.326923,0.440000,0.500000,0.520833,0.520833,0.520833,0.520833,0.489796,0.458333,0.428571,0.400000,0.380000,0.352941,0.326923,0.301887,0.296296,0.290909,0.277778,0.290909,0.290909,0.339286,0.375000,0.410714,0.472727,0.527273,0.592593,0.641509,0.711538,0.745098,0.769231,0.777778,0.754386,0.762712,0.741935,0.734375,0.723077,0.701493,0.695652,0.685714,0.671233,0.662162,0.657895,0.657895,0.653846,0.653846,0.653846,0.675325,0.701299,0.710526,0.733333,0.767123,0.791667,0.777778,0.767123,0.743243
0.791667,0.829787,0.829787,0.869565,0.886364,0.906977,0.902439,0.923077,0.894737,0.825000,0.780488,0.731707,0.690476,0.627907,0.590909,0.531915,0.469388,0.431373,0.377358,0.339623,0.309091,0.290909,0.290909,0.259259,0.259259,0.254545,0.240741,0.236364,0.254545,0.240741,0.240741,0.222222,0.218182,0.181818,0.157895,0.137931,0.103448,0.101695,0.098361,0.096774,0.093750,0.093750,0.092308,0.092308,0.092308,0.107692,0.125000,0.140625,0.158730,0.177419,0.209677,0.229508,0.237288,0.258621,0.298246,0.339286,0.351852,0.396226,0.461538,0.560000,0.625000,0.645833,0.625000,0.625000,0.604167,0.571429,0.562500,0.530612,0.500000,0.480000,0.450980,0.403846,0.396226,0.388889,0.381818,0.351852,0.381818,0.381818,0.428571,0.446429,0.482143,0.545455,0.581818,0.648148,0.698113,0.788462,0.843137,0.865385,0.870370,0.859649,0.847458,0.822581,0.828125,0.815385,0.805970,0.797101,0.785714,0.767123,0.756757,0.750000,0.750000,0.743590,0.743590,0.743590,0.766234,0.779221,0.802632,0.813333,0.849315,0.861111,0.847222,0.821918,0.783784
0.833333,0.851064,0.872340,0.891304,0.909091,0.930233,0.926829,0.923077,0.894737,0.825000,0.756098,0.731707,0.666667,0.627907,0.568182,0.510638,0.448980,0.411765,0.377358,0.320755,0.290909,0.272727,0.272727,0.240741,0.240741,0.254545,0.240741,0.236364,0.236364,0.222222,0.222222,0.203704,0.200000,0.163636,0.140351,0.120690,0.103448,0.101695,0.098361,0.096774,0.093750,0.093750,0.076923,0.092308,0.107692,0.123077,0.125000,0.140625,0.158730,0.193548,0.241935,0.245902,0.271186,0.310345,0.368421,0.410714,0.462963,0.509434,0.576923,0.660000,0.729167,0.729167,0.729167,0.708333,0.687500,0.673469,0.645833,0.612245,0.600000,0.560000,0.549020,0.500000,0.490566,0.481481,0.472727,0.462963,0.472727,0.490909,0.517857,0.535714,0.571429,0.600000,0.636364,0.685185,0.754717,0.826923,0.901961,0.942308,0.944444,0.929825,0.932203,0.919355,0.906250,0.907692,0.895522,0.898551,0.885714,0.863014,0.851351,0.842105,0.842105,0.833333,0.833333,0.833333,0.857143,0.870130,0.881579,0.893333,0.917808,0.916667,0.902778,0.863014,0.824324
0.875000,0.893617,0.893617,0.913043,0.931818,0.953488,0.951220,0.948718,0.894737,0.825000,0.756098,0.707317,0.642857,0.604651,0.545455,0.489362,0.428571,0.392157,0.358491,0.301887,0.272727,0.254545,0.254545,0.222222,0.240741,0.236364,0.222222,0.218182,0.218182,0.203704,0.203704,0.185185,0.181818,0.145455,0.122807,0.103448,0.086207,0.084746,0.098361,0.096774,0.093750,0.093750,0.092308,0.107692,0.107692,0.123077,0.140625,0.156250,0.174603,0.225806,0.274194,0.295082,0.322034,0.379310,0.438596,0.500000,0.555556,0.622642,0.673077,0.740000,0.812500,0.812500,0.812500,0.791667,0.770833,0.755102,0.729167,0.693878,0.680000,0.660000,0.647059,0.615385,0.603774,0.592593,0.581818,0.574074,0.581818,0.581818,0.607143,0.625000,0.642857,0.672727,0.690909,0.740741,0.792453,0.865385,0.941176,0.980769,1.000000,0.982456,0.983051,0.967742,0.968750,0.969231,0.970149,0.971014,0.957143,0.945205,0.945946,0.934211,0.934211,0.923077,0.923077,0.923077,0.935065,0.935065,0.947368,0.946667,0.958904,0.958333,0.930556,0.890411,0.851351
0.916667,0.914894,0.936170,0.956522,0.954545,0.976744,0.975610,0.948718,0.921053,0.825000,0.756098,0.707317,0.642857,0.581395,0.522727,0.468085,0.408163,0.372549,0.339623,0.283019,0.254545,0.236364,0.236364,0.222222,0.222222,0.218182,0.203704,0.200000,0.218182,0.185185,0.185185,0.166667,0.163636,0.145455,0.122807,0.103448,0.086207,0.101695,0.098361,0.112903,0.109375,0.093750,0.092308,0.123077,0.138462,0.153846,0.171875,0.187500,0.222222,0.274194,0.338710,0.377049,0.406780,0.448276,0.508772,0.571429,0.629630,0.698113,0.730769,0.820000,0.875000,0.875000,0.875000,0.875000,0.854167,0.816327,0.812500,0.775510,0.780000,0.760000,0.764706,0.750000,0.754717,0.740741,0.709091,0.703704,0.690909,0.690909,0.696429,0.696429,0.714286,0.745455,0.763636,0.796296,0.849057,0.923077,0.960784,1.000000,1.000000,1.000000,1.000000,1.000000,1.000000,1.000000,1.000000,1.000000,1.000000,0.986301,0.986486,0.986842,0.986842,0.974359,0.974359,0.974359,0.987013,0.987013,0.986842,0.986667,1.000000,0.986111,0.958333,0.904110,0.851351
0.937500,0.957447,0.957447,0.978261,0.977273,0.976744,0.975610,0.974359,0.921053,0.850000,0.756098,0.682927,0.619048,0.534884,0.500000,0.425532,0.387755,0.352941,0.301887,0.264151,0.236364,0.218182,0.218182,0.203704,0.203704,0.200000,0.185185,0.200000,0.200000,0.185185,0.185185,0.166667,0.163636,0.127273,0.122807,0.103448,0.086207,0.101695,0.114754,0.112903,0.109375,0.109375,0.123077,0.138462,0.153846,0.184615,0.218750,0.234375,0.285714,0.338710,0.403226,0.442623,0.474576,0.517241,0.578947,0.625000,0.685185,0.754717,0.788462,0.860000,0.916667,0.937500,0.937500,0.916667,0.916667,0.877551,0.875000,0.857143,0.840000,0.860000,0.862745,0.865385,0.867925,0.870370,0.854545,0.833333,0.800000,0.781818,0.785714,0.785714,0.803571,0.818182,0.818182,0.851852,0.886792,0.942308,0.980392,1.000000,1.000000,0.982456,1.000000,0.983871,0.984375,0.984615,1.000000,1.000000,1.000000,1.000000,1.000000,1.000000,1.000000,1.000000,1.000000,1.000000,1.000000,1.000000,1.000000,1.000000,1.000000,0.986111,0.944444,0.890411,0.837838
0.979167,0.978723,0.978723,1.000000,1.000000,1.000000,1.000000,1.000000,0.947368,0.850000,0.756098,0.682927,0.595238,0.511628,0.454545,0.382979,0.346939,0.313725,0.283019,0.245283,0.218182,0.200000,0.200000,0.185185,0.185185,0.181818,0.185185,0.181818,0.181818,0.185185,0.185185,0.166667,0.163636,0.127273,0.122807,0.120690,0.103448,0.118644,0.114754,0.129032,0.140625,0.140625,0.138462,0.169231,0.200000,0.215385,0.250000,0.281250,0.333333,0.387097,0.467742,0.508197,0.542373,0.586207,0.631579,0.660714,0.703704,0.773585,0.807692,0.880000,0.937500,0.958333,0.958333,0.958333,0.958333,0.938776,0.916667,0.897959,0.900000,0.900000,0.901961,0.903846,0.924528,0.925926,0.909091,0.888889,0.872727,0.836364,0.839286,0.821429,0.821429,0.854545,0.854545,0.870370,0.886792,0.923077,0.960784,0.980769,0.981481,0.964912,0.966102,0.951613,0.953125,0.953846,0.955224,0.971014,0.971429,0.972603,0.972973,0.973684,0.986842,0.974359,0.987179,0.974359,0.987013,0.987013,0.986842,0.973333,0.972603,0.972222,0.916667,0.863014,0.810811
1.000000,1.000000,1.000000,1.000000,1.000000,1.000000,1.000000,1.000000,0.947368,0.850000,0.756098,0.658537,0.571429,0.488372,0.431818,0.361702,0.326531,0.294118,0.264151,0.226415,0.200000,0.200000,0.181818,0.166667,0.166667,0.181818,0.166667,0.163636,0.181818,0.166667,0.166667,0.166667,0.163636,0.145455,0.140351,0.137931,0.120690,0.135593,0.131148,0.145161,0.156250,0.171875,0.184615,0.215385,0.230769,0.261538,0.296875,0.343750,0.380952,0.435484,0.500000,0.540984,0.576271,0.603448,0.649123,0.678571,0.722222,0.773585,0.807692,0.880000,0.937500,0.958333,0.979167,0.979167,0.979167,0.959184,0.958333,0.938776,0.940000,0.940000,0.941176,0.923077,0.924528,0.925926,0.909091,0.888889,0.872727,0.854545,0.839286,0.839286,0.839286,0.854545,0.854545,0.851852,0.867925,0.903846,0.941176,0.942308,0.944444,0.912281,0.915254,0.903226,0.906250,0.907692,0.910448,0.927536,0.928571,0.917808,0.918919,0.921053,0.921053,0.923077,0.923077,0.923077,0.922078,0.935065,0.934211,0.933333,0.931507,0.916667,0.875000,0.821918,0.770270
1.000000,1.000000,0.978723,0.978261,0.977273,0.976744,0.975610,0.974359,0.921053,0.825000,0.731707,0.634146,0.547619,0.465116,0.386364,0.319149,0.285714,0.274510,0.245283,0.226415,0.200000,0.181818,0.181818,0.166667,0.166667,0.163636,0.148148,0.163636,0.163636,0.166667,0.166667,0.166667,0.163636,0.145455,0.157895,0.155172,0.137931,0.152542,0.163934,0.177419,0.187500,0.203125,0.215385,0.246154,0.276923,0.307692,0.343750,0.375000,0.428571,0.467742,0.532258,0.573770,0.610169,0.637931,0.666667,0.696429,0.740741,0.792453,0.826923,0.880000,0.937500,0.958333,0.979167,0.979167,1.000000,0.979592,0.979167,0.979592,0.980000,0.980000,0.960784,0.942308,0.943396,0.944444,0.909091,0.888889,0.872727,0.872727,0.857143,0.839286,0.839286,0.854545,0.854545,0.851852,0.849057,0.884615,0.901961,0.903846,0.888889,0.877193,0.864407,0.854839,0.843750,0.846154,0.850746,0.855072,0.857143,0.849315,0.837838,0.842105,0.842105,0.846154,0.846154,0.846154,0.857143,0.857143,0.868421,0.866667,0.876712,0.861111,0.819444,0.767123,0.729730
0.979167,0.978723,0.957447,0.934783,0.931818,0.953488,0.951220,0.948718,0.894737,0.800000,0.707317,0.609756,0.523810,0.441860,0.363636,0.297872,0.265306,0.254902,0.226415,0.207547,0.200000,0.200000,0.181818,0.166667,0.166667,0.163636,0.148148,0.163636,0.163636,0.166667,0.166667,0.166667,0.181818,0.163636,0.175439,0.172414,0.172414,0.186441,0.196721,0.209677,0.218750,0.234375,0.246154,0.292308,0.323077,0.353846,0.390625,0.421875,0.460317,0.500000,0.548387,0.590164,0.627119,0.655172,0.684211,0.714286,0.759259,0.811321,0.826923,0.900000,0.958333,0.979167,0.979167,1.000000,1.000000,1.000000,1.000000,0.979592,1.000000,1.000000,1.000000,0.961538,0.962264,0.944444,0.927273,0.907407,0.909091,0.890909,0.875000,0.875000,0.857143,0.872727,0.854545,0.851852,0.849057,0.865385,0.882353,0.865385,0.851852,0.824561,0.796610,0.774194,0.781250,0.769231,0.776119,0.782609,0.785714,0.767123,0.770270,0.763158,0.776316,0.769231,0.769231,0.769231,0.779221,0.792208,0.802632,0.800000,0.808219,0.805556,0.763889,0.726027,0.689189
0.958333,0.936170,0.914894,0.913043,0.886364,0.906977,0.902439,0.897436,0.868421,0.775000,0.682927,0.585366,0.500000,0.418605,0.340909,0.276596,0.244898,0.235294,0.226415,0.207547,0.200000,0.200000,0.200000,0.166667,0.166667,0.163636,0.166667,0.163636,0.181818,0.166667,0.185185,0.185185,0.181818,0.181818,0.192982,0.206897,0.206897,0.220339,0.229508,0.241935,0.265625,0.281250,0.292308,0.338462,0.369231,0.400000,0.421875,0.453125,0.492063,0.532258,0.580645,0.606557,0.644068,0.672414,0.701754,0.732143,0.777778,0.830189,0.865385,0.920000,0.958333,0.979167,1.000000,1.000000,1.000000,1.000000,1.000000,1.000000,1.000000,1.000000,1.000000,0.980769,0.981132,0.981481,0.945455,0.944444,0.927273,0.909091,0.910714,0.892857,0.892857,0.890909,0.872727,0.870370,0.849057,0.865385,0.843137,0.826923,0.814815,0.771930,0.745763,0.725806,0.718750,0.707692,0.701493,0.710145,0.700000,0.698630,0.689189,0.697368,0.697368,0.692308,0.705128,0.705128,0.714286,0.727273,0.736842,0.746667,0.753425,0.750000,0.722222,0.684932,0.635135
0.916667,0.893617,0.872340,0.847826,0.840909,0.860465,0.853659,0.846154,0.815789,0.725000,0.634146,0.560976,0.476190,0.395349,0.318182,0.276596,0.224490,0.215686,0.207547,0.207547,0.218182,0.218182,0.218182,0.203704,0.185185,0.181818,0.166667,0.181818,0.181818,0.185185,0.203704,0.203704,0.200000,0.200000,0.228070,0.241379,0.241379,0.271186,0.278689,0.306452,0.312500,0.328125,0.353846,0.384615,0.415385,0.446154,0.468750,0.500000,0.539683,0.564516,0.612903,0.639344,0.677966,0.706897,0.719298,0.767857,0.814815,0.849057,0.884615,0.940000,0.979167,0.979167,1.000000,1.000000,1.000000,1.000000,1.000000,0.979592,1.000000,1.000000,1.000000,1.000000,1.000000,1.000000,0.963636,0.962963,0.963636,0.945455,0.946429,0.928571,0.928571,0.927273,0.890909,0.888889,0.867925,0.865385,0.862745,0.826923,0.796296,0.736842,0.711864,0.677419,0.656250,0.646154,0.641791,0.637681,0.642857,0.630137,0.621622,0.631579,0.631579,0.641026,0.641026,0.641026,0.662338,0.675325,0.684211,0.693333,0.698630,0.694444,0.666667,0.630137,0.594595
0.854167,0.829787,0.808511,0.804348,0.795455,0.813953,0.804878,0.794872,0.763158,0.700000,0.609756,0.536585,0.452381,0.395349,0.318182,0.255319,0.224490,0.215686,0.207547,0.207547,0.218182,0.236364,0.254545,0.240741,0.240741,0.218182,0.203704,0.200000,0.218182,0.203704,0.222222,0.222222,0.236364,0.236364,0.263158,0.275862,0.293103,0.322034,0.344262,0.354839,0.375000,0.390625,0.415385,0.446154,0.476923,0.492308,0.515625,0.546875,0.571429,0.612903,0.645161,0.672131,0.711864,0.741379,0.754386,0.803571,0.851852,0.886792,0.923077,0.960000,1.000000,1.000000,1.000000,1.000000,1.000000,0.979592,1.000000,0.979592,0.980000,1.000000,1.000000,1.000000,1.000000,1.000000,1.000000,1.000000,1.000000,0.981818,0.982143,0.982143,0.964286,0.963636,0.945455,0.925926,0.905660,0.903846,0.882353,0.846154,0.796296,0.736842,0.694915,0.645161,0.625000,0.600000,0.597015,0.594203,0.585714,0.575342,0.581081,0.578947,0.592105,0.589744,0.602564,0.602564,0.623377,0.636364,0.644737,0.640000,0.657534,0.652778,0.625000,0.589041,0.540541
0.791667,0.765957,0.744681,0.760870,0.750000,0.767442,0.756098,0.743590,0.710526,0.650000,0.585366,0.512195,0.452381,0.395349,0.340909,0.276596,0.224490,0.215686,0.207547,0.207547,0.218182,0.236364,0.272727,0.259259,0.277778,0.272727,0.259259,0.236364,0.254545,0.240741,0.259259,0.259259,0.290909,0.290909,0.298246,0.327586,0.344828,0.372881,0.409836,0.435484,0.437500,0.468750,0.476923,0.507692,0.523077,0.538462,0.578125,0.593750,0.619048,0.661290,0.677419,0.704918,0.762712,0.793103,0.807018,0.839286,0.888889,0.924528,0.942308,0.980000,1.000000,1.000000,1.000000,0.979167,0.979167,0.979592,0.979167,0.959184,0.980000,0.980000,1.000000,0.980769,1.000000,1.000000,1.000000,1.000000,1.000000,1.000000,1.000000,1.000000,1.000000,1.000000,0.981818,0.981481,0.962264,0.961538,0.941176,0.884615,0.833333,0.754386,0.711864,0.645161,0.625000,0.584615,0.582090,0.565217,0.557143,0.547945,0.540541,0.552632,0.552632,0.551282,0.551282,0.564103,0.571429,0.584416,0.592105,0.586667,0.602740,0.597222,0.583333,0.534247,0.500000
0.729167,0.702128,0.702128,0.695652,0.704545,0.720930,0.731707,0.717949,0.684211,0.625000,0.560976,0.512195,0.452381,0.395349,0.340909,0.276596,0.244898,0.235294,0.226415,0.226415,0.236364,0.254545,0.272727,0.277778,0.296296,0.309091,0.296296,0.290909,0.290909,0.296296,0.314815,0.314815,0.345455,0.345455,0.368421,0.396552,0.413793,0.440678,0.475410,0.500000,0.515625,0.531250,0.538462,0.569231,0.584615,0.600000,0.625000,0.640625,0.666667,0.709677,0.725806,0.754098,0.813559,0.844828,0.859649,0.892857,0.925926,0.962264,0.980769,0.980000,1.000000,1.000000,0.979167,0.979167,0.979167,0.959184,0.958333,0.938776,0.960000,0.960000,0.980392,0.961538,0.981132,0.981481,0.981818,0.981481,0.981818,0.981818,0.982143,1.000000,0.982143,1.000000,1.000000,1.000000,1.000000,1.000000,0.980392,0.942308,0.870370,0.789474,0.728814,0.661290,0.625000,0.584615,0.567164,0.550725,0.542857,0.520548,0.513514,0.513158,0.513158,0.512821,0.500000,0.512821,0.519481,0.532468,0.539474,0.533333,0.547945,0.555556,0.527778,0.493151,0.459459
0.666667,0.659574,0.638298,0.652174,0.659091,0.674419,0.682927,0.692308,0.657895,0.600000,0.536585,0.512195,0.452381,0.395349,0.363636,0.297872,0.265306,0.235294,0.245283,0.226415,0.236364,0.254545,0.290909,0.296296,0.314815,0.327273,0.333333,0.345455,0.363636,0.351852,0.370370,0.370370,0.400000,0.418182,0.438596,0.465517,0.482759,0.525424,0.540984,0.564516,0.578125,0.593750,0.600000,0.630769,0.646154,0.661538,0.687500,0.703125,0.730159,0.758065,0.790323,0.819672,0.864407,0.896552,0.929825,0.946429,0.962963,1.000000,1.000000,1.000000,1.000000,0.979167,0.979167,0.958333,0.937500,0.918367,0.937500,0.918367,0.920000,0.940000,0.941176,0.942308,0.943396,0.962963,0.945455,0.944444,0.963636,0.963636,0.964286,0.964286,0.946429,0.963636,0.963636,0.981481,0.981132,1.000000,1.000000,0.961538,0.907407,0.824561,0.762712,0.677419,0.625000,0.584615,0.552239,0.536232,0.514286,0.493151,0.472973,0.473684,0.460526,0.448718,0.448718,0.448718,0.454545,0.467532,0.473684,0.493333,0.506849,0.500000,0.486111,0.465753,0.432432
0.625000,0.595745,0.595745,0.608696,0.613636,0.651163,0.658537,0.666667,0.631579,0.600000,0.536585,0.512195,0.452381,0.418605,0.363636,0.319149,0.285714,0.274510,0.264151,0.245283,0.254545,0.272727,0.309091,0.314815,0.333333,0.363636,0.370370,0.381818,0.400000,0.407407,0.425926,0.444444,0.454545,0.472727,0.508772,0.534483,0.551724,0.593220,0.606557,0.629032,0.625000,0.656250,0.661538,0.692308,0.707692,0.723077,0.750000,0.765625,0.793651,0.822581,0.870968,0.901639,0.932203,0.965517,0.982456,0.982143,1.000000,1.000000,1.000000,1.000000,1.000000,0.958333,0.937500,0.916667,0.916667,0.897959,0.895833,0.897959,0.900000,0.920000,0.921569,0.923077,0.924528,0.925926,0.927273,0.925926,0.927273,0.927273,0.928571,0.910714,0.910714,0.927273,0.927273,0.925926,0.943396,0.961538,0.960784,0.942308,0.907407,0.842105,0.779661,0.709677,0.640625,0.584615,0.537313,0.521739,0.485714,0.465753,0.432432,0.421053,0.407895,0.397436,0.397436,0.397436,0.402597,0.415584,0.421053,0.440000,0.452055,0.458333,0.458333,0.438356,0.418919
0.583333,0.574468,0.574468,0.586957,0.590909,0.604651,0.634146,0.641026,0.631579,0.600000,0.560976,0.536585,0.476190,0.441860,0.409091,0.361702,0.326531,0.294118,0.301887,0.283019,0.290909,0.309091,0.327273,0.351852,0.370370,0.381818,0.388889,0.400000,0.436364,0.444444,0.481481,0.500000,0.527273,0.545455,0.561404,0.603448,0.620690,0.644068,0.655738,0.677419,0.687500,0.718750,0.723077,0.753846,0.769231,0.784615,0.828125,0.843750,0.873016,0.919355,0.951613,0.967213,1.000000,1.000000,1.000000,1.000000,1.000000,0.981132,0.980769,0.980000,0.979167,0.937500,0.916667,0.895833,0.895833,0.877551,0.875000,0.857143,0.880000,0.880000,0.901961,0.884615,0.905660,0.907407,0.890909,0.888889,0.890909,0.890909,0.875000,0.875000,0.875000,0.872727,0.872727,0.870370,0.886792,0.903846,0.901961,0.903846,0.870370,0.807018,0.779661,0.709677,0.640625,0.584615,0.537313,0.492754,0.457143,0.424658,0.405405,0.381579,0.368421,0.358974,0.346154,0.346154,0.350649,0.363636,0.368421,0.386667,0.410959,0.430556,0.430556,0.438356,0.445946
0.520833,0.531915,0.531915,0.565217,0.568182,0.604651,0.609756,0.641026,0.657895,0.625000,0.585366,0.560976,0.523810,0.488372,0.454545,0.404255,0.387755,0.352941,0.358491,0.358491,0.363636,0.381818,0.400000,0.407407,0.444444,0.454545,0.462963,0.472727,0.490909,0.518519,0.555556,0.555556,0.581818,0.618182,0.631579,0.655172,0.689655,0.711864,0.737705,0.758065,0.765625,0.781250,0.800000,0.830769,0.861538,0.876923,0.906250,0.937500,0.968254,0.983871,1.000000,1.000000,1.000000,0.982759,0.982456,0.964286,0.962963,0.943396,0.942308,0.940000,0.937500,0.916667,0.895833,0.875000,0.854167,0.836735,0.833333,0.816327,0.820000,0.840000,0.843137,0.846154,0.849057,0.851852,0.854545,0.851852,0.836364,0.836364,0.821429,0.821429,0.821429,0.818182,0.818182,0.814815,0.811321,0.846154,0.843137,0.826923,0.814815,0.771930,0.728814,0.677419,0.640625,0.569231,0.522388,0.478261,0.442857,0.410959,0.378378,0.355263,0.342105,0.333333,0.320513,0.307692,0.311688,0.324675,0.342105,0.360000,0.397260,0.430556,0.444444,0.479452,0.513514
0.479167,0.468085,0.489362,0.521739,0.545455,0.581395,0.609756,0.641026,0.657895,0.675000,0.658537,0.634146,0.595238,0.581395,0.545455,0.489362,0.469388,0.450980,0.433962,0.433962,0.454545,0.472727,0.509091,0.518519,0.555556,0.563636,0.592593,0.600000,0.618182,0.648148,0.666667,0.685185,0.709091,0.727273,0.736842,0.758621,0.793103,0.813559,0.836066,0.854839,0.859375,0.890625,0.892308,0.923077,0.953846,0.969231,0.984375,1.000000,1.000000,1.000000,0.983871,0.967213,0.966102,0.931034,0.912281,0.910714,0.907407,0.905660,0.884615,0.880000,0.895833,0.854167,0.833333,0.833333,0.812500,0.775510,0.770833,0.755102,0.740000,0.760000,0.764706,0.769231,0.773585,0.796296,0.781818,0.777778,0.781818,0.781818,0.767857,0.767857,0.750000,0.763636,0.745455,0.740741,0.754717,0.769231,0.764706,0.769231,0.740741,0.701754,0.677966,0.645161,0.609375,0.569231,0.522388,0.478261,0.428571,0.397260,0.364865,0.342105,0.328947,0.320513,0.307692,0.294872,0.298701,0.324675,0.342105,0.373333,0.424658,0.486111,0.541667,0.602740,0.662162
0.416667,0.425532,0.446809,0.500000,0.522727,0.558140,0.609756,0.641026,0.684211,0.700000,0.707317,0.707317,0.690476,0.674419,0.659091,0.617021,0.571429,0.568627,0.547170,0.566038,0.563636,0.600000,0.636364,0.666667,0.703704,0.709091,0.740741,0.763636,0.781818,0.814815,0.833333,0.851852,0.854545,0.872727,0.877193,0.896552,0.913793,0.932203,0.934426,0.951613,0.953125,0.968750,0.984615,1.000000,1.000000,1.000000,1.000000,0.984375,0.968254,0.951613,0.935484,0.901639,0.898305,0.879310,0.859649,0.839286,0.833333,0.830189,0.807692,0.820000,0.812500,0.770833,0.750000,0.729167,0.708333,0.673469,0.666667,0.632653,0.640000,0.660000,0.666667,0.673077,0.698113,0.722222,0.709091,0.722222,0.727273,0.727273,0.714286,0.714286,0.696429,0.690909,0.690909,0.685185,0.679245,0.711538,0.705882,0.711538,0.685185,0.649123,0.627119,0.596774,0.578125,0.538462,0.507463,0.463768,0.428571,0.397260,0.364865,0.342105,0.328947,0.320513,0.307692,0.307692,0.311688,0.350649,0.381579,0.440000,0.520548,0.625000,0.708333,0.780822,0.851351
0.375000,0.382979,0.404255,0.456522,0.500000,0.534884,0.585366,0.641026,0.684211,0.725000,0.756098,0.780488,0.785714,0.790698,0.772727,0.744681,0.714286,0.705882,0.698113,0.698113,0.709091,0.745455,0.763636,0.796296,0.833333,0.854545,0.870370,0.890909,0.909091,0.925926,0.962963,0.962963,0.963636,0.981818,0.964912,0.982759,1.000000,1.000000,1.000000,1.000000,1.000000,1.000000,1.000000,1.000000,0.984615,0.969231,0.953125,0.921875,0.904762,0.887097,0.854839,0.836066,0.830508,0.810345,0.789474,0.767857,0.759259,0.754717,0.730769,0.720000,0.729167,0.687500,0.645833,0.604167,0.604167,0.571429,0.562500,0.530612,0.560000,0.560000,0.588235,0.596154,0.622642,0.648148,0.654545,0.648148,0.654545,0.654545,0.660714,0.642857,0.642857,0.636364,0.618182,0.629630,0.622642,0.653846,0.647059,0.653846,0.629630,0.614035,0.593220,0.564516,0.546875,0.523077,0.492537,0.463768,0.428571,0.397260,0.364865,0.355263,0.328947,0.333333,0.333333,0.333333,0.363636,0.415584,0.473684,0.560000,0.671233,0.791667,0.888889,0.945205,0.972973
0.333333,0.340426,0.361702,0.413043,0.454545,0.534884,0.585366,0.641026,0.684211,0.725000,0.780488,0.829268,0.857143,0.883721,0.886364,0.872340,0.836735,0.823529,0.811321,0.830189,0.836364,0.854545,0.890909,0.907407,0.944444,0.945455,0.962963,0.963636,0.981818,1.000000,1.000000,1.000000,1.000000,1.000000,1.000000,1.000000,1.000000,1.000000,1.000000,0.983871,0.968750,0.968750,0.953846,0.953846,0.923077,0.907692,0.890625,0.859375,0.841270,0.822581,0.806452,0.770492,0.762712,0.741379,0.719298,0.696429,0.685185,0.679245,0.653846,0.620000,0.625000,0.583333,0.541667,0.500000,0.500000,0.489796,0.479167,0.469388,0.500000,0.500000,0.529412,0.538462,0.547170,0.574074,0.581818,0.592593,0.600000,0.600000,0.607143,0.589286,0.589286,0.581818,0.563636,0.574074,0.566038,0.596154,0.607843,0.615385,0.592593,0.578947,0.559322,0.548387,0.531250,0.492308,0.477612,0.449275,0.428571,0.397260,0.378378,0.368421,0.355263,0.371795,0.384615,0.397436,0.441558,0.519481,0.592105,0.706667,0.835616,0.944444,0.986111,1.000000,1.000000
0.312500,0.319149,0.340426,0.391304,0.431818,0.488372,0.560976,0.641026,0.684211,0.725000,0.780488,0.853659,0.904762,0.930233,0.954545,0.936170,0.938776,0.921569,0.924528,0.924528,0.927273,0.945455,0.963636,0.981481,1.000000,1.000000,1.000000,1.000000,1.000000,1.000000,1.000000,1.000000,0.981818,0.981818,0.964912,0.965517,0.965517,0.966102,0.934426,0.935484,0.906250,0.906250,0.876923,0.876923,0.861538,0.830769,0.828125,0.796875,0.777778,0.758065,0.725806,0.704918,0.677966,0.655172,0.631579,0.607143,0.592593,0.603774,0.576923,0.540000,0.520833,0.500000,0.458333,0.437500,0.458333,0.448980,0.437500,0.448980,0.460000,0.480000,0.490196,0.500000,0.528302,0.537037,0.545455,0.537037,0.545455,0.545455,0.553571,0.553571,0.535714,0.545455,0.527273,0.537037,0.528302,0.557692,0.568627,0.576923,0.574074,0.561404,0.559322,0.532258,0.515625,0.492308,0.477612,0.449275,0.428571,0.410959,0.391892,0.394737,0.394737,0.410256,0.435897,0.474359,0.545455,0.623377,0.736842,0.826667,0.931507,1.000000,1.000000,0.986301,0.959459
0.291667,0.297872,0.340426,0.369565,0.409091,0.465116,0.536585,0.615385,0.684211,0.725000,0.780488,0.829268,0.904762,0.953488,1.000000,0.978723,1.000000,0.980392,0.981132,0.981132,0.981818,1.000000,1.000000,1.000000,1.000000,1.000000,1.000000,0.981818,0.981818,0.962963,0.962963,0.944444,0.927273,0.927273,0.894737,0.896552,0.896552,0.881356,0.868852,0.854839,0.828125,0.828125,0.815385,0.815385,0.800000,0.769231,0.765625,0.734375,0.714286,0.693548,0.661290,0.622951,0.610169,0.586207,0.561404,0.535714,0.537037,0.528302,0.500000,0.480000,0.458333,0.437500,0.416667,0.416667,0.416667,0.428571,0.437500,0.428571,0.460000,0.480000,0.490196,0.500000,0.509434,0.518519,0.509091,0.518519,0.527273,0.527273,0.535714,0.517857,0.517857,0.527273,0.509091,0.518519,0.509434,0.538462,0.549020,0.557692,0.555556,0.543860,0.542373,0.532258,0.515625,0.492308,0.477612,0.463768,0.442857,0.438356,0.432432,0.434211,0.460526,0.487179,0.525641,0.576923,0.649351,0.740260,0.828947,0.893333,0.945205,0.972222,0.958333,0.931507,0.905405
0.291667,0.297872,0.340426,0.369565,0.409091,0.465116,0.512195,0.589744,0.684211,0.725000,0.756098,0.829268,0.880952,0.930233,1.000000,1.000000,1.000000,1.000000,1.000000,1.000000,1.000000,1.000000,0.981818,0.981481,0.981481,0.963636,0.962963,0.927273,0.927273,0.907407,0.907407,0.888889,0.872727,0.854545,0.824561,0.827586,0.810345,0.813559,0.786885,0.790323,0.765625,0.765625,0.753846,0.753846,0.738462,0.707692,0.687500,0.671875,0.634921,0.612903,0.596774,0.573770,0.559322,0.534483,0.508772,0.500000,0.481481,0.471698,0.442308,0.420000,0.395833,0.395833,0.395833,0.395833,0.416667,0.428571,0.437500,0.428571,0.440000,0.460000,0.490196,0.480769,0.490566,0.518519,0.509091,0.500000,0.509091,0.509091,0.517857,0.517857,0.517857,0.509091,0.509091,0.518519,0.509434,0.538462,0.549020,0.557692,0.555556,0.543860,0.542373,0.532258,0.515625,0.507692,0.492537,0.492754,0.471429,0.465753,0.472973,0.500000,0.526316,0.564103,0.615385,0.679487,0.740260,0.818182,0.855263,0.893333,0.917808,0.930556,0.902778,0.876712,0.837838
0.270833,0.276596,0.319149,0.369565,0.409091,0.465116,0.536585,0.589744,0.657895,0.700000,0.756098,0.804878,0.857143,0.906977,0.954545,0.957447,0.979592,1.000000,1.000000,1.000000,0.981818,0.981818,0.963636,0.962963,0.944444,0.927273,0.907407,0.890909,0.872727,0.851852,0.833333,0.814815,0.800000,0.781818,0.754386,0.741379,0.741379,0.745763,0.737705,0.725806,0.718750,0.703125,0.692308,0.692308,0.676923,0.646154,0.640625,0.609375,0.587302,0.564516,0.548387,0.524590,0.525424,0.500000,0.473684,0.446429,0.425926,0.415094,0.384615,0.380000,0.375000,0.375000,0.375000,0.395833,0.395833,0.408163,0.416667,0.408163,0.420000,0.440000,0.470588,0.461538,0.471698,0.481481,0.472727,0.481481,0.490909,0.490909,0.517857,0.517857,0.517857,0.527273,0.509091,0.518519,0.528302,0.538462,0.549020,0.557692,0.555556,0.543860,0.542373,0.532258,0.531250,0.523077,0.522388,0.521739,0.514286,0.520548,0.540541,0.565789,0.605263,0.641026,0.692308,0.743590,0.792208,0.831169,0.842105,0.840000,0.863014,0.861111,0.847222,0.808219,0.770270
0.229167,0.255319,0.319149,0.369565,0.431818,0.488372,0.536585,0.589744,0.657895,0.700000,0.731707,0.804878,0.833333,0.883721,0.931818,0.936170,0.959184,0.960784,0.981132,0.981132,0.963636,0.963636,0.945455,0.944444,0.925926,0.890909,0.888889,0.854545,0.836364,0.814815,0.796296,0.759259,0.745455,0.709091,0.684211,0.689655,0.689655,0.694915,0.672131,0.677419,0.656250,0.656250,0.630769,0.646154,0.615385,0.600000,0.593750,0.562500,0.539683,0.532258,0.516129,0.508197,0.491525,0.465517,0.438596,0.410714,0.388889,0.377358,0.346154,0.340000,0.354167,0.354167,0.375000,0.375000,0.395833,0.387755,0.395833,0.387755,0.400000,0.420000,0.431373,0.423077,0.433962,0.462963,0.454545,0.462963,0.490909,0.490909,0.517857,0.517857,0.517857,0.527273,0.527273,0.537037,0.547170,0.557692,0.568627,0.557692,0.555556,0.543860,0.542373,0.532258,0.546875,0.553846,0.552239,0.565217,0.571429,0.575342,0.594595,0.631579,0.671053,0.705128,0.743590,0.769231,0.792208,0.792208,0.789474,0.786667,0.808219,0.805556,0.777778,0.739726,0.716216
0.208333,0.255319,0.297872,0.369565,0.409091,0.488372,0.536585,0.615385,0.657895,0.700000,0.731707,0.780488,0.833333,0.860465,0.909091,0.893617,0.918367,0.921569,0.924528,0.943396,0.927273,0.927273,0.927273,0.907407,0.907407,0.872727,0.870370,0.836364,0.818182,0.796296,0.777778,0.740741,0.709091,0.672727,0.649123,0.655172,0.637931,0.644068,0.639344,0.629032,0.609375,0.609375,0.600000,0.600000,0.584615,0.569231,0.562500,0.531250,0.523810,0.500000,0.500000,0.475410,0.457627,0.431034,0.403509,0.375000,0.351852,0.339623,0.307692,0.320000,0.333333,0.333333,0.354167,0.354167,0.375000,0.367347,0.354167,0.346939,0.360000,0.380000,0.392157,0.403846,0.415094,0.444444,0.454545,0.462963,0.490909,0.509091,0.517857,0.535714,0.535714,0.545455,0.545455,0.555556,0.566038,0.576923,0.588235,0.576923,0.574074,0.543860,0.542373,0.548387,0.546875,0.553846,0.582090,0.594203,0.614286,0.630137,0.648649,0.684211,0.710526,0.730769,0.743590,0.743590,0.753247,0.753247,0.736842,0.733333,0.739726,0.736111,0.722222,0.684932,0.662162
0.187500,0.234043,0.276596,0.347826,0.409091,0.465116,0.536585,0.615385,0.657895,0.700000,0.731707,0.780488,0.809524,0.837209,0.863636,0.872340,0.877551,0.882353,0.886792,0.886792,0.872727,0.890909,0.890909,0.888889,0.870370,0.854545,0.833333,0.800000,0.800000,0.777778,0.740741,0.703704,0.690909,0.654545,0.631579,0.620690,0.620690,0.610169,0.606557,0.596774,0.578125,0.578125,0.553846,0.569231,0.553846,0.538462,0.531250,0.500000,0.492063,0.483871,0.467742,0.442623,0.423729,0.396552,0.368421,0.339286,0.314815,0.301887,0.288462,0.300000,0.312500,0.333333,0.333333,0.333333,0.354167,0.346939,0.333333,0.326531,0.340000,0.340000,0.372549,0.384615,0.415094,0.444444,0.454545,0.444444,0.472727,0.490909,0.500000,0.517857,0.517857,0.545455,0.545455,0.555556,0.566038,0.596154,0.607843,0.596154,0.592593,0.561404,0.559322,0.548387,0.562500,0.569231,0.597015,0.608696,0.642857,0.657534,0.675676,0.710526,0.723684,0.717949,0.717949,0.705128,0.701299,0.701299,0.697368,0.693333,0.684932,0.694444,0.666667,0.643836,0.608108
0.166667,0.191489,0.255319,0.326087,0.386364,0.465116,0.512195,0.589744,0.657895,0.700000,0.707317,0.756098,0.785714,0.813953,0.840909,0.829787,0.836735,0.843137,0.830189,0.849057,0.836364,0.836364,0.854545,0.833333,0.833333,0.818182,0.796296,0.763636,0.745455,0.722222,0.703704,0.666667,0.654545,0.618182,0.596491,0.603448,0.586207,0.576271,0.557377,0.564516,0.531250,0.531250,0.523077,0.538462,0.523077,0.507692,0.500000,0.484375,0.460317,0.451613,0.451613,0.426230,0.406780,0.362069,0.333333,0.303571,0.277778,0.283019,0.288462,0.300000,0.312500,0.312500,0.312500,0.333333,0.333333,0.306122,0.291667,0.285714,0.300000,0.300000,0.333333,0.365385,0.396226,0.407407,0.418182,0.425926,0.436364,0.454545,0.482143,0.500000,0.500000,0.527273,0.527273,0.555556,0.566038,0.596154,0.607843,0.615385,0.611111,0.578947,0.576271,0.580645,0.578125,0.584615,0.611940,0.623188,0.657143,0.671233,0.675676,0.684211,0.697368,0.692308,0.679487,0.666667,0.649351,0.649351,0.644737,0.640000,0.643836,0.638889,0.625000,0.589041,0.567568
0.125000,0.170213,0.234043,0.304348,0.340909,0.418605,0.487805,0.564103,0.631579,0.675000,0.682927,0.731707,0.761905,0.790698,0.818182,0.808511,0.816327,0.803922,0.792453,0.792453,0.781818,0.800000,0.800000,0.796296,0.796296,0.781818,0.759259,0.727273,0.709091,0.685185,0.648148,0.629630,0.600000,0.581818,0.561404,0.551724,0.534483,0.525424,0.524590,0.516129,0.500000,0.500000,0.492308,0.492308,0.492308,0.476923,0.468750,0.453125,0.444444,0.435484,0.419355,0.409836,0.389831,0.344828,0.315789,0.285714,0.259259,0.283019,0.269231,0.300000,0.312500,0.312500,0.312500,0.312500,0.291667,0.285714,0.270833,0.244898,0.280000,0.280000,0.313725,0.326923,0.358491,0.370370,0.381818,0.388889,0.418182,0.436364,0.464286,0.482143,0.500000,0.509091,0.509091,0.537037,0.547170,0.576923,0.607843,0.615385,0.611111,0.596491,0.593220,0.596774,0.609375,0.615385,0.626866,0.652174,0.657143,0.657534,0.662162,0.657895,0.657895,0.653846,0.628205,0.615385,0.610390,0.610390,0.592105,0.600000,0.602740,0.597222,0.583333,0.561644,0.540541
0.104167,0.148936,0.212766,0.260870,0.318182,0.395349,0.463415,0.538462,0.578947,0.625000,0.658537,0.707317,0.738095,0.767442,0.795455,0.787234,0.775510,0.764706,0.773585,0.773585,0.745455,0.763636,0.763636,0.759259,0.759259,0.745455,0.722222,0.690909,0.654545,0.629630,0.611111,0.574074,0.563636,0.545455,0.526316,0.517241,0.500000,0.491525,0.475410,0.467742,0.453125,0.453125,0.446154,0.461538,0.446154,0.446154,0.437500,0.421875,0.428571,0.403226,0.403226,0.393443,0.372881,0.344828,0.315789,0.285714,0.259259,0.283019,0.288462,0.300000,0.312500,0.291667,0.291667,0.291667,0.270833,0.244898,0.229167,0.224490,0.240000,0.260000,0.294118,0.288462,0.320755,0.333333,0.345455,0.351852,0.400000,0.418182,0.464286,0.482143,0.482143,0.509091,0.509091,0.518519,0.528302,0.576923,0.588235,0.596154,0.611111,0.596491,0.610169,0.612903,0.625000,0.630769,0.641791,0.652174,0.657143,0.643836,0.635135,0.631579,0.618421,0.602564,0.589744,0.564103,0.558442,0.558442,0.552632,0.560000,0.561644,0.569444,0.555556,0.534247,0.513514
0.083333,0.127660,0.191489,0.239130,0.295455,0.372093,0.439024,0.512821,0.578947,0.600000,0.634146,0.682927,0.714286,0.744186,0.772727,0.744681,0.755102,0.745098,0.735849,0.735849,0.727273,0.727273,0.727273,0.722222,0.722222,0.690909,0.666667,0.636364,0.600000,0.574074,0.574074,0.555556,0.545455,0.509091,0.491228,0.482759,0.448276,0.440678,0.442623,0.435484,0.421875,0.421875,0.415385,0.415385,0.415385,0.415385,0.406250,0.406250,0.396825,0.387097,0.387097,0.377049,0.355932,0.327586,0.315789,0.285714,0.277778,0.283019,0.288462,0.280000,0.291667,0.291667,0.270833,0.250000,0.250000,0.224490,0.187500,0.183673,0.220000,0.240000,0.254902,0.269231,0.283019,0.314815,0.327273,0.333333,0.381818,0.418182,0.446429,0.464286,0.482143,0.490909,0.490909,0.500000,0.509434,0.538462,0.549020,0.576923,0.592593,0.596491,0.610169,0.612903,0.625000,0.630769,0.641791,0.637681,0.628571,0.616438,0.594595,0.578947,0.565789,0.551282,0.538462,0.525641,0.519481,0.519481,0.526316,0.520000,0.534247,0.541667,0.527778,0.506849,0.486486
0.083333,0.127660,0.170213,0.239130,0.295455,0.372093,0.414634,0.487179,0.526316,0.575000,0.609756,0.658537,0.690476,0.697674,0.727273,0.723404,0.714286,0.705882,0.698113,0.698113,0.690909,0.690909,0.709091,0.703704,0.685185,0.654545,0.629630,0.581818,0.563636,0.537037,0.537037,0.518519,0.509091,0.490909,0.456140,0.448276,0.413793,0.423729,0.409836,0.403226,0.375000,0.375000,0.369231,0.384615,0.384615,0.384615,0.375000,0.375000,0.365079,0.370968,0.370968,0.360656,0.355932,0.327586,0.315789,0.303571,0.277778,0.283019,0.288462,0.280000,0.291667,0.270833,0.250000,0.229167,0.208333,0.183673,0.166667,0.163265,0.200000,0.220000,0.235294,0.230769,0.264151,0.296296,0.309091,0.333333,0.363636,0.400000,0.410714,0.428571,0.428571,0.436364,0.418182,0.425926,0.433962,0.461538,0.490196,0.519231,0.537037,0.543860,0.559322,0.580645,0.578125,0.584615,0.597015,0.579710,0.571429,0.561644,0.540541,0.526316,0.513158,0.500000,0.500000,0.487179,0.480519,0.493506,0.486842,0.493333,0.506849,0.513889,0.486111,0.479452,0.459459
