11857,11861,11866,11871,11876,11881,11886,11891,11896,11901,11906,11911,11916,11921,11926,11931,11936,11941,11946,11951,11955,11960,11965,11970,11975,11980,11984,11989,11993,11997,12000,12004,12007,12010,12013,12015,12017,12019,12020,12021,12021,12022,12022,12021,12020,12019,12018,12016,12014,12012,12009,12007,12003,12000,11996,11993,11989,11984,11980,11976,11971,11967,11962,11957,11953,11948,11944,11939,11935,11930,11926,11922,11918,11915,11911,11908,11904,11901,11899,11896,11894,11892,11890,11888,11886,11885,11884,11883,11882,11880,11880,11879,11878,11878,11877,11877,11877,11877,11877,11877,11876,11876,11876,11876,11876,11876,11876,11876,11876,11876,11875,11876,11875
11867,11872,11877,11882,11887,11892,11896,11902,11907,11912,11917,11922,11927,11932,11937,11942,11947,11953,11958,11963,11969,11974,11979,11985,11990,11995,12000,12005,12010,12014,12019,12022,12026,12029,12032,12034,12037,12038,12040,12040,12041,12041,12040,12040,12038,12037,12035,12032,12030,12027,12023,12020,12016,12012,12007,12003,11998,11993,11988,11983,11977,11972,11966,11961,11956,11950,11945,11940,11935,11931,11926,11922,11918,11914,11911,11908,11905,11903,11900,11898,11895,11894,11892,11891,11889,11888,11888,11887,11887,11887,11887,11886,11886,11886,11887,11887,11887,11887,11888,11888,11889,11889,11889,11890,11890,11891,11891,11891,11891,11891,11891,11891,11891
11877,11881,11886,11891,11896,11901,11905,11911,11915,11920,11925,11930,11935,11940,11945,11950,11956,11961,11967,11973,11979,11985,11991,11997,12002,12008,12014,12019,12025,12030,12034,12039,12043,12046,12049,12052,12054,12055,12056,12057,12057,12056,12055,12054,12052,12050,12047,12044,12041,12037,12033,12029,12024,12019,12013,12008,12002,11996,11991,11985,11979,11973,11967,11960,11954,11949,11944,11938,11933,11928,11924,11919,11916,11912,11909,11906,11903,11901,11898,11896,11895,11894,11893,11892,11892,11892,11892,11892,11892,11893,11893,11894,11895,11896,11897,11898,11899,11900,11901,11902,11903,11904,11905,11906,11906,11907,11907,11908,11908,11909,11908,11908,11908
11885,11890,11894,11899,11903,11908,11912,11916,11921,11925,11930,11935,11940,11945,11950,11956,11961,11967,11973,11979,11985,11992,11998,12005,12011,12018,12024,12030,12036,12042,12047,12051,12056,12059,12063,12065,12067,12069,12069,12070,12069,12069,12067,12065,12063,12060,12057,12053,12049,12044,12040,12034,12029,12024,12017,12011,12004,11998,11991,11984,11977,11970,11963,11957,11950,11944,11938,11933,11928,11923,11919,11915,11911,11908,11906,11903,11901,11899,11898,11897,11895,11895,11895,11895,11895,11895,11896,11897,11899,11900,11902,11903,11905,11906,11908,11909,11911,11912,11913,11915,11916,11917,11918,11919,11920,11921,11921,11921,11922,11922,11922,11922,11922
11892,11897,11900,11904,11908,11912,11916,11920,11924,11929,11933,11938,11943,11948,11953,11958,11964,11970,11976,11982,11989,11996,12003,12010,12017,12024,12031,12038,12044,12050,12056,12061,12065,12069,12073,12075,12077,12078,12079,12079,12078,12077,12075,12073,12070,12066,12062,12058,12053,12048,12043,12037,12030,12024,12017,12010,12002,11995,11987,11980,11972,11965,11957,11950,11944,11937,11932,11926,11921,11917,11913,11909,11906,11903,11901,11899,11897,11896,11895,11895,11895,11895,11895,11896,11897,11899,11901,11903,11905,11907,11909,11911,11913,11915,11917,11919,11921,11922,11924,11926,11927,11929,11930,11931,11933,11934,11935,11935,11936,11936,11936,11937,11936
11898,11901,11905,11908,11912,11915,11919,11922,11926,11930,11935,11939,11944,11948,11954,11959,11965,11970,11977,11983,11990,11997,12004,12012,12020,12027,12034,12041,12048,12055,12060,12066,12070,12075,12078,12080,12082,12084,12084,12084,12083,12081,12079,12077,12073,12069,12065,12060,12055,12049,12043,12037,12030,12023,12015,12007,11999,11991,11982,11974,11965,11957,11950,11942,11936,11930,11924,11919,11914,11910,11907,11904,11901,11898,11896,11894,11893,11893,11893,11893,11893,11895,11896,11897,11899,11902,11904,11906,11909,11911,11914,11916,11919,11922,11924,11927,11929,11931,11933,11935,11937,11940,11942,11944,11945,11947,11948,11949,11950,11951,11951,11951,11952
11901,11904,11906,11910,11913,11916,11920,11923,11927,11931,11935,11939,11943,11948,11953,11958,11963,11969,11975,11982,11989,11996,12003,12011,12019,12027,12034,12041,12049,12055,12061,12067,12072,12076,12079,12082,12084,12085,12085,12085,12084,12082,12080,12077,12073,12069,12064,12059,12054,12048,12041,12034,12026,12018,12010,12001,11992,11984,11975,11966,11957,11949,11942,11935,11928,11922,11917,11912,11908,11904,11901,11897,11895,11892,11891,11890,11889,11889,11889,11890,11892,11893,11895,11897,11899,11902,11905,11907,11910,11914,11917,11920,11923,11926,11930,11933,11937,11940,11943,11946,11949,11951,11954,11956,11958,11960,11962,11963,11965,11966,11967,11967,11968
11902,11904,11907,11910,11913,11916,11919,11922,11926,11930,11933,11937,11942,11946,11951,11956,11961,11967,11972,11978,11986,11993,12000,12008,12016,12023,12032,12039,12046,12053,12059,12064,12069,12073,12077,12079,12081,12082,12083,12082,12081,12079,12077,12074,12070,12066,12062,12056,12050,12044,12037,12030,12022,12014,12005,11995,11986,11976,11967,11958,11949,11941,11934,11927,11921,11915,11910,11906,11902,11898,11894,11891,11889,11887,11886,11886,11885,11886,11886,11888,11889,11890,11892,11895,11897,11900,11903,11907,11910,11914,11917,11921,11926,11930,11934,11938,11943,11946,11950,11954,11957,11960,11963,11965,11968,11970,11972,11974,11976,11978,11980,11982,11983
11900,11902,11905,11907,11910,11913,11917,11920,11924,11927,11931,11935,11939,11943,11948,11952,11957,11963,11968,11974,11981,11989,11995,12003,12011,12018,12026,12033,12040,12046,12052,12058,12063,12067,12071,12073,12075,12076,12076,12076,12075,12074,12071,12068,12065,12061,12057,12051,12046,12039,12032,12024,12015,12007,11997,11987,11978,11968,11959,11950,11942,11934,11927,11920,11914,11909,11904,11900,11896,11892,11889,11886,11884,11883,11882,11881,11881,11882,11883,11883,11885,11887,11889,11891,11893,11896,11900,11904,11908,11912,11916,11921,11926,11931,11936,11941,11946,11951,11955,11959,11963,11966,11969,11972,11975,11977,11981,11984,11987,11989,11992,11995,11998
11897,11899,11901,11903,11906,11909,11912,11916,11919,11923,11927,11931,11935,11940,11944,11948,11953,11958,11963,11969,11975,11982,11988,11996,12004,12011,12018,12025,12032,12038,12044,12049,12054,12057,12061,12063,12065,12067,12067,12067,12066,12065,12063,12061,12058,12054,12049,12045,12039,12033,12025,12018,12009,12000,11991,11981,11971,11962,11952,11944,11935,11928,11921,11915,11909,11904,11899,11895,11891,11888,11884,11882,11880,11879,11877,11877,11877,11878,11878,11879,11881,11882,11883,11885,11889,11892,11895,11898,11904,11908,11913,11919,11924,11930,11935,11941,11946,11951,11956,11961,11965,11969,11972,11975,11978,11981,11985,11989,11993,11998,12002,12007,12011
11889,11890,11891,11894,11897,11900,11903,11907,11912,11916,11921,11926,11930,11935,11939,11943,11948,11953,11958,11964,11971,11977,11983,11989,11996,12003,12009,12015,12022,12027,12033,12038,12042,12046,12049,12051,12053,12055,12055,12056,12055,12054,12053,12051,12048,12045,12041,12036,12031,12025,12018,12010,12002,11993,11984,11975,11966,11956,11947,11939,11931,11924,11917,11911,11905,11901,11896,11892,11888,11884,11881,11879,11876,11875,11874,11874,11873,11873,11873,11874,11875,11876,11877,11879,11882,11885,11889,11894,11898,11902,11908,11914,11919,11925,11931,11938,11943,11949,11954,11959,11964,11969,11973,11976,11980,11984,11989,11994,11999,12005,12011,12016,12022
11876,11877,11879,11881,11884,11887,11891,11896,11901,11906,11911,11917,11922,11928,11934,11939,11944,11949,11954,11959,11964,11969,11975,11981,11987,11995,12000,12005,12010,12016,12021,12024,12028,12031,12034,12037,12039,12040,12042,12042,12042,12041,12041,12039,12037,12034,12031,12027,12023,12017,12011,12004,11996,11989,11980,11972,11963,11954,11945,11936,11928,11921,11915,11909,11904,11899,11894,11890,11886,11882,11879,11876,11874,11872,11871,11870,11870,11869,11868,11868,11868,11869,11870,11872,11875,11878,11881,11885,11890,11896,11901,11907,11913,11919,11925,11931,11938,11944,11950,11955,11960,11965,11970,11974,11978,11983,11988,11995,12001,12008,12015,12022,12029
11861,11861,11862,11863,11866,11869,11873,11878,11884,11890,11897,11905,11913,11919,11926,11932,11938,11944,11949,11954,11959,11965,11970,11975,11980,11985,11990,11994,11998,12003,12008,12011,12013,12016,12019,12021,12023,12024,12025,12026,12027,12027,12027,12026,12024,12022,12020,12017,12013,12009,12004,11998,11992,11985,11978,11970,11961,11953,11944,11936,11928,11921,11915,11909,11904,11899,11894,11890,11885,11881,11878,11875,11873,11871,11869,11867,11866,11864,11863,11861,11861,11861,11862,11864,11866,11869,11873,11877,11882,11887,11892,11898,11904,11910,11917,11923,11930,11936,11942,11948,11954,11960,11966,11971,11975,11981,11986,11993,12001,12008,12016,12024,12033
11842,11841,11841,11842,11844,11847,11851,11856,11863,11870,11878,11887,11896,11906,11915,11924,11932,11939,11944,11950,11954,11958,11962,11967,11972,11977,11980,11985,11987,11990,11993,11997,11998,12000,12002,12004,12005,12007,12008,12009,12010,12010,12011,12011,12010,12010,12009,12007,12005,12003,11999,11995,11990,11985,11979,11972,11964,11956,11948,11940,11932,11925,11918,11912,11906,11901,11896,11891,11887,11882,11878,11875,11872,11870,11867,11865,11863,11860,11857,11855,11854,11853,11853,11854,11856,11859,11863,11867,11872,11877,11882,11889,11894,11900,11907,11913,11920,11926,11933,11939,11945,11952,11957,11962,11968,11975,11981,11989,11997,12005,12015,12024,12033
11822,11819,11818,11818,11819,11822,11826,11831,11838,11846,11856,11866,11877,11888,11900,11911,11922,11931,11940,11946,11953,11957,11961,11965,11967,11971,11973,11975,11977,11979,11981,11983,11985,11985,11987,11988,11989,11990,11992,11993,11994,11995,11996,11997,11998,11998,11999,11999,11999,11998,11997,11994,11991,11987,11982,11976,11969,11962,11954,11946,11938,11931,11924,11917,11911,11905,11900,11895,11890,11885,11880,11876,11873,11870,11866,11863,11860,11856,11853,11850,11847,11845,11845,11845,11846,11849,11852,11856,11860,11866,11871,11877,11881,11888,11895,11901,11908,11914,11921,11928,11935,11941,11947,11954,11961,11967,11974,11982,11990,11999,12009,12019,12030
11801,11797,11795,11793,11794,11796,11800,11806,11814,11822,11833,11844,11857,11870,11884,11897,11910,11922,11933,11942,11949,11955,11959,11961,11963,11966,11968,11969,11969,11969,11970,11970,11970,11970,11971,11972,11973,11974,11975,11977,11978,11980,11982,11984,11986,11988,11990,11992,11993,11994,11995,11995,11993,11991,11988,11983,11978,11971,11964,11956,11948,11940,11933,11926,11919,11913,11907,11901,11895,11890,11884,11879,11875,11870,11866,11862,11858,11854,11849,11845,11841,11838,11836,11836,11836,11838,11840,11844,11848,11853,11858,11863,11869,11875,11882,11888,11894,11900,11907,11915,11921,11928,11935,11943,11950,11958,11965,11972,11981,11992,12003,12014,12025
11781,11776,11772,11770,11770,11772,11776,11782,11790,11799,11811,11823,11837,11852,11868,11883,11899,11913,11927,11939,11949,11955,11960,11962,11963,11963,11962,11963,11964,11962,11961,11960,11959,11959,11958,11959,11960,11961,11962,11963,11965,11967,11970,11973,11976,11980,11983,11987,11990,11993,11996,11997,11997,11997,11995,11992,11987,11981,11975,11968,11961,11953,11945,11937,11930,11923,11916,11909,11902,11896,11890,11884,11878,11873,11867,11862,11857,11852,11846,11841,11836,11832,11829,11828,11827,11828,11829,11832,11835,11840,11844,11849,11855,11861,11867,11873,11878,11885,11892,11899,11907,11914,11922,11931,11939,11948,11955,11965,11972,11984,11995,12006,12018
11763,11757,11752,11750,11750,11752,11756,11762,11770,11781,11792,11805,11820,11837,11854,11872,11889,11906,11922,11936,11947,11956,11960,11963,11964,11963,11961,11959,11958,11957,11953,11951,11951,11950,11949,11949,11950,11950,11951,11952,11955,11957,11961,11964,11969,11974,11980,11985,11991,11996,12001,12004,12006,12007,12007,12005,12001,11996,11990,11983,11976,11968,11961,11952,11944,11936,11928,11920,11913,11906,11898,11891,11883,11876,11870,11863,11857,11851,11845,11839,11832,11827,11823,11820,11818,11818,11819,11820,11822,11826,11829,11834,11839,11844,11849,11854,11860,11867,11874,11882,11889,11898,11907,11917,11926,11936,11941,11956,11961,11977,11987,11997,12010
11749,11741,11736,11733,11733,11735,11740,11747,11755,11766,11778,11792,11808,11825,11843,11863,11882,11901,11919,11934,11948,11958,11965,11967,11967,11965,11962,11959,11955,11953,11950,11947,11945,11944,11943,11942,11942,11943,11944,11945,11947,11950,11953,11958,11964,11970,11978,11985,11993,12001,12007,12012,12016,12019,12020,12020,12019,12015,12011,12004,11997,11988,11980,11970,11961,11952,11943,11934,11925,11916,11908,11899,11891,11882,11874,11866,11859,11852,11845,11837,11830,11823,11818,11814,11811,11810,11809,11810,11811,11813,11816,11819,11823,11826,11830,11835,11840,11847,11854,11862,11871,11880,11891,11902,11914,11925,11929,11947,11952,11968,11978,11988,12000
11738,11729,11723,11721,11721,11723,11728,11736,11746,11757,11769,11784,11800,11818,11837,11857,11877,11898,11918,11936,11951,11961,11968,11972,11972,11971,11966,11960,11956,11951,11947,11945,11942,11941,11940,11939,11939,11938,11939,11940,11941,11944,11948,11953,11960,11968,11977,11986,11996,12006,12014,12021,12027,12031,12034,12036,12035,12034,12031,12026,12020,12013,12005,11995,11984,11974,11963,11952,11942,11931,11920,11910,11900,11891,11881,11872,11863,11854,11846,11838,11829,11821,11814,11808,11804,11802,11800,11800,11799,11800,11801,11803,11804,11807,11810,11814,11819,11826,11833,11842,11851,11862,11874,11886,11898,11909,11917,11934,11941,11957,11968,11980,11989
11733,11724,11717,11714,11714,11717,11723,11730,11740,11752,11765,11780,11797,11816,11835,11857,11878,11900,11921,11940,11956,11968,11976,11981,11980,11977,11972,11965,11959,11953,11948,11945,11941,11938,11936,11935,11933,11933,11933,11934,11936,11939,11943,11949,11956,11965,11976,11987,12000,12012,12023,12033,12041,12044,12047,12051,12052,12053,12051,12049,12044,12037,12029,12020,12010,11998,11987,11974,11962,11950,11937,11925,11913,11901,11890,11879,11869,11859,11849,11840,11830,11821,11812,11805,11799,11795,11791,11789,11788,11786,11786,11785,11786,11787,11790,11793,11798,11805,11812,11821,11831,11843,11857,11871,11885,11899,11912,11924,11936,11948,11962,11973,11982
11734,11724,11717,11714,11713,11716,11722,11730,11741,11753,11767,11783,11800,11819,11839,11861,11883,11907,11929,11949,11965,11978,11986,11990,11989,11985,11979,11971,11963,11954,11948,11941,11937,11934,11931,11930,11930,11928,11927,11928,11930,11933,11938,11945,11953,11963,11974,11986,12000,12013,12027,12041,12051,12055,12059,12064,12070,12073,12076,12076,12074,12068,12061,12052,12041,12029,12016,12002,11987,11972,11957,11943,11929,11916,11902,11890,11878,11866,11854,11843,11832,11822,11812,11802,11795,11789,11783,11779,11776,11773,11770,11767,11768,11766,11769,11771,11776,11782,11791,11800,11812,11825,11839,11855,11872,11889,11904,11918,11932,11945,11957,11967,11977
11741,11731,11724,11720,11719,11722,11728,11737,11747,11759,11774,11790,11807,11827,11848,11872,11896,11919,11941,11962,11978,11990,11998,12001,11999,11994,11986,11976,11966,11956,11947,11939,11933,11927,11923,11920,11918,11919,11922,11924,11925,11928,11933,11938,11947,11958,11970,11984,11998,12012,12027,12043,12054,12062,12069,12078,12087,12093,12097,12099,12098,12096,12092,12086,12077,12065,12051,12036,12020,12002,11984,11967,11950,11933,11917,11902,11888,11875,11862,11849,11837,11825,11813,11802,11792,11784,11776,11770,11766,11760,11756,11750,11749,11745,11748,11750,11754,11761,11769,11780,11793,11807,11824,11842,11860,11879,11897,11914,11929,11943,11955,11965,11975
11753,11744,11737,11733,11732,11735,11740,11748,11759,11772,11786,11802,11821,11841,11863,11886,11911,11936,11959,11979,11994,12005,12012,12014,12010,12003,11993,11980,11967,11954,11942,11932,11925,11919,11915,11912,11911,11910,11912,11915,11919,11922,11927,11936,11944,11953,11964,11978,11993,12008,12024,12041,12055,12066,12079,12089,12099,12107,12113,12116,12116,12115,12113,12109,12104,12096,12086,12072,12056,12038,12018,11997,11977,11957,11938,11920,11902,11886,11872,11857,11843,11829,11816,11803,11791,11780,11771,11763,11756,11748,11741,11733,11731,11726,11728,11730,11733,11740,11749,11761,11775,11792,11811,11831,11852,11872,11893,11912,11928,11943,11956,11967,11976
11770,11762,11755,11752,11751,11753,11758,11766,11776,11788,11803,11820,11839,11860,11884,11909,11934,11959,11980,11998,12012,12022,12026,12027,12022,12013,11999,11984,11968,11951,11937,11925,11916,11910,11905,11903,11902,11902,11904,11906,11910,11914,11919,11926,11936,11947,11959,11972,11987,12003,12019,12036,12054,12068,12083,12097,12107,12116,12124,12131,12137,12140,12140,12138,12134,12129,12120,12109,12095,12078,12058,12035,12010,11985,11963,11942,11921,11902,11883,11867,11851,11835,11820,11805,11791,11778,11766,11756,11747,11738,11728,11719,11715,11710,11711,11712,11715,11722,11731,11744,11759,11779,11800,11823,11847,11870,11893,11915,11933,11949,11963,11973,11981
11789,11782,11777,11774,11773,11775,11780,11787,11797,11809,11825,11842,11863,11886,11911,11937,11961,11984,12003,12019,12031,12038,12041,12040,12034,12022,12007,11988,11970,11950,11934,11920,11910,11903,11899,11896,11895,11895,11895,11898,11902,11906,11912,11920,11929,11940,11952,11966,11980,11996,12013,12031,12052,12068,12086,12101,12111,12122,12134,12142,12150,12155,12158,12159,12158,12155,12149,12140,12130,12116,12098,12076,12052,12024,11995,11969,11944,11921,11900,11880,11861,11843,11826,11809,11793,11778,11764,11752,11740,11728,11717,11708,11701,11696,11695,11696,11699,11706,11716,11730,11747,11768,11791,11818,11846,11872,11897,11922,11942,11960,11973,11984,11990
11808,11802,11798,11796,11796,11799,11803,11811,11821,11835,11851,11871,11893,11918,11943,11968,11991,12011,12028,12041,12050,12055,12057,12053,12046,12034,12016,11996,11975,11953,11934,11917,11906,11899,11895,11891,11889,11888,11889,11891,11893,11899,11904,11912,11922,11933,11945,11959,11974,11992,12007,12027,12048,12066,12085,12101,12115,12128,12141,12154,12164,12171,12176,12178,12178,12177,12173,12167,12157,12145,12130,12112,12090,12065,12037,12005,11974,11947,11920,11896,11875,11854,11834,11815,11797,11780,11764,11749,11735,11721,11709,11698,11690,11685,11682,11682,11686,11693,11704,11719,11737,11760,11786,11817,11850,11878,11905,11932,11954,11974,11988,11997,12003
11831,11825,11822,11821,11822,11825,11831,11839,11851,11866,11885,11906,11929,11954,11978,12000,12021,12038,12051,12062,12068,12072,12072,12068,12059,12047,12029,12008,11984,11960,11938,11919,11907,11899,11893,11889,11886,11884,11884,11885,11888,11893,11899,11907,11917,11926,11939,11951,11967,11985,12004,12023,12042,12062,12081,12099,12117,12132,12148,12162,12174,12181,12187,12191,12194,12194,12192,12189,12183,12174,12161,12144,12124,12101,12074,12045,12012,11978,11947,11918,11891,11867,11845,11824,11804,11783,11766,11748,11732,11717,11702,11691,11681,11675,11672,11672,11676,11683,11695,11711,11732,11756,11785,11817,11857,11890,11918,11946,11970,11990,12005,12014,12019
11856,11852,11849,11849,11851,11855,11863,11873,11887,11904,11924,11945,11968,11991,12012,12032,12049,12062,12073,12081,12086,12088,12087,12082,12073,12061,12044,12024,11999,11973,11948,11926,11912,11900,11893,11888,11884,11881,11880,11881,11884,11889,11895,11903,11911,11922,11934,11947,11963,11980,11997,12018,12037,12060,12079,12098,12117,12134,12153,12170,12183,12192,12200,12206,12209,12210,12210,12208,12203,12196,12187,12174,12156,12134,12109,12080,12049,12016,11981,11946,11914,11884,11859,11835,11812,11790,11770,11750,11731,11714,11699,11686,11675,11669,11665,11665,11669,11678,11691,11709,11731,11758,11790,11825,11867,11906,11936,11964,11990,12010,12025,12034,12037
11888,11883,11882,11883,11887,11893,11902,11914,11929,11947,11966,11986,12007,12027,12045,12061,12074,12084,12092,12098,12101,12102,12101,12096,12088,12077,12061,12042,12018,11992,11964,11939,11921,11907,11897,11890,11884,11881,11879,11880,11882,11886,11893,11900,11909,11919,11930,11943,11958,11975,11996,12014,12036,12058,12083,12099,12119,12137,12156,12174,12189,12201,12209,12215,12219,12222,12224,12226,12225,12219,12208,12197,12183,12165,12142,12114,12083,12050,12016,11979,11942,11908,11877,11849,11823,11800,11776,11754,11734,11716,11699,11685,11674,11667,11663,11663,11668,11677,11691,11711,11736,11765,11801,11839,11883,11925,11957,11986,12012,12032,12047,12056,12059
11932,11927,11924,11926,11930,11937,11946,11959,11973,11990,12007,12026,12043,12060,12074,12086,12096,12104,12109,12112,12114,12114,12112,12109,12102,12093,12079,12062,12040,12015,11988,11960,11936,11919,11906,11895,11888,11883,11881,11881,11882,11886,11893,11900,11907,11916,11929,11943,11958,11976,11993,12015,12035,12059,12082,12105,12124,12142,12160,12178,12194,12207,12218,12226,12232,12237,12241,12246,12249,12249,12243,12229,12211,12193,12173,12148,12118,12086,12050,12012,11974,11936,11900,11868,11839,11812,11787,11763,11741,11721,11703,11688,11677,11669,11665,11666,11672,11682,11698,11719,11746,11779,11817,11858,11905,11947,11981,12011,12036,12056,12071,12080,12083
11985,11979,11976,11976,11980,11986,11994,12006,12019,12033,12048,12063,12076,12089,12100,12109,12115,12120,12124,12125,12126,12125,12123,12120,12114,12107,12096,12082,12063,12041,12015,11988,11961,11938,11920,11907,11898,11891,11887,11885,11885,11888,11893,11901,11909,11918,11929,11943,11960,11978,11997,12017,12039,12062,12086,12108,12131,12149,12168,12184,12199,12214,12226,12235,12244,12252,12259,12265,12268,12270,12267,12262,12249,12227,12204,12179,12152,12121,12086,12048,12007,11967,11928,11891,11858,11828,11800,11775,11751,11730,11712,11697,11685,11677,11674,11675,11681,11692,11709,11734,11764,11800,11840,11885,11934,11972,12007,12037,12062,12082,12097,12106,12110
12039,12033,12030,12029,12031,12035,12042,12051,12062,12073,12084,12095,12105,12115,12122,12128,12133,12136,12138,12140,12140,12140,12138,12134,12128,12121,12112,12100,12085,12066,12043,12018,11992,11967,11944,11926,11912,11903,11897,11893,11892,11894,11897,11903,11912,11923,11935,11949,11965,11983,12003,12022,12046,12068,12092,12115,12137,12158,12177,12194,12212,12226,12236,12245,12255,12263,12270,12277,12280,12280,12279,12275,12269,12257,12239,12215,12186,12156,12123,12085,12045,12002,11959,11920,11883,11849,11819,11791,11767,11744,11726,11710,11698,11690,11687,11689,11696,11711,11729,11757,11789,11827,11870,11920,11963,12000,12037,12066,12090,12111,12125,12134,12138
12088,12082,12078,12077,12078,12081,12086,12092,12099,12107,12115,12124,12131,12137,12142,12146,12149,12152,12155,12157,12158,12159,12157,12154,12149,12142,12133,12121,12106,12090,12070,12048,12024,11999,11976,11954,11936,11922,11913,11907,11904,11904,11906,11912,11919,11930,11944,11957,11975,11993,12014,12035,12056,12079,12101,12125,12148,12169,12192,12212,12228,12240,12250,12260,12272,12280,12286,12291,12296,12298,12299,12295,12287,12276,12263,12247,12223,12194,12160,12123,12083,12040,11996,11952,11912,11875,11842,11812,11786,11765,11744,11729,11716,11710,11708,11711,11719,11735,11755,11785,11820,11861,11908,11954,11993,12032,12067,12096,12120,12140,12154,12163,12166
12134,12127,12122,12119,12119,12120,12123,12127,12132,12137,12143,12148,12153,12157,12160,12163,12166,12170,12174,12177,12179,12181,12180,12178,12175,12169,12160,12149,12135,12119,12100,12079,12057,12033,12010,11988,11968,11950,11937,11927,11922,11920,11921,11925,11933,11944,11957,11972,11992,12008,12028,12047,12071,12092,12116,12137,12162,12185,12212,12233,12246,12253,12264,12277,12284,12294,12302,12308,12314,12318,12319,12318,12314,12306,12294,12277,12257,12231,12201,12165,12126,12083,12038,11992,11948,11909,11871,11839,11810,11789,11768,11753,11742,11736,11734,11739,11750,11768,11792,11823,11859,11903,11947,11988,12028,12067,12100,12128,12152,12170,12183,12192,12196
12175,12168,12162,12158,12155,12155,12155,12157,12160,12163,12166,12169,12172,12174,12177,12180,12185,12190,12195,12199,12203,12205,12207,12206,12203,12198,12191,12181,12169,12154,12136,12116,12094,12071,12049,12026,12005,11986,11970,11957,11949,11944,11943,11946,11954,11964,11978,11991,12011,12029,12052,12070,12092,12111,12135,12154,12181,12204,12231,12245,12249,12270,12280,12291,12301,12311,12320,12326,12332,12336,12338,12338,12335,12330,12321,12308,12290,12267,12240,12208,12173,12131,12085,12037,11989,11946,11907,11873,11845,11820,11799,11783,11773,11767,11767,11775,11788,11808,11834,11865,11904,11946,11987,12028,12069,12105,12136,12161,12183,12200,12212,12221,12225
12211,12203,12196,12191,12187,12185,12183,12183,12184,12185,12186,12187,12189,12191,12194,12199,12205,12212,12218,12225,12231,12235,12237,12237,12235,12231,12225,12216,12205,12192,12176,12158,12137,12115,12093,12070,12049,12029,12012,11997,11986,11979,11976,11978,11984,11994,12006,12021,12040,12058,12076,12095,12114,12133,12155,12173,12197,12217,12234,12245,12267,12280,12291,12304,12317,12328,12338,12345,12349,12353,12356,12357,12356,12352,12345,12335,12320,12302,12279,12250,12217,12180,12138,12090,12042,11995,11952,11914,11884,11857,11835,11819,11809,11806,11809,11818,11834,11856,11882,11915,11953,11991,12032,12073,12110,12143,12171,12194,12214,12230,12242,12250,12254
12239,12231,12225,12219,12214,12209,12206,12204,12203,12203,12203,12203,12204,12208,12213,12220,12228,12237,12245,12253,12259,12264,12267,12268,12267,12263,12258,12250,12241,12229,12215,12199,12180,12161,12140,12118,12098,12078,12060,12045,12033,12024,12020,12020,12024,12033,12043,12056,12072,12090,12108,12126,12140,12158,12176,12193,12213,12224,12247,12259,12278,12295,12310,12323,12336,12347,12354,12360,12367,12372,12376,12379,12380,12377,12371,12361,12348,12332,12313,12290,12260,12227,12189,12147,12099,12051,12007,11966,11932,11903,11879,11862,11854,11853,11857,11868,11885,11909,11935,11968,12003,12042,12081,12118,12152,12181,12206,12227,12245,12260,12270,12277,12281
12262,12254,12247,12240,12234,12229,12225,12222,12220,12218,12217,12217,12220,12225,12233,12242,12252,12262,12271,12279,12285,12291,12294,12296,12297,12295,12290,12284,12275,12265,12252,12238,12222,12204,12185,12166,12147,12129,12112,12097,12085,12075,12070,12069,12071,12078,12085,12097,12109,12125,12139,12154,12169,12184,12199,12216,12229,12245,12263,12277,12296,12314,12331,12344,12356,12367,12374,12380,12387,12395,12397,12402,12405,12404,12400,12390,12376,12360,12344,12324,12301,12272,12239,12202,12163,12118,12073,12030,11993,11960,11934,11917,11909,11907,11912,11923,11941,11965,11993,12024,12059,12095,12131,12164,12193,12219,12241,12260,12277,12288,12297,12303,12307
12279,12271,12263,12257,12250,12244,12239,12235,12232,12230,12229,12231,12236,12244,12254,12265,12275,12285,12294,12302,12310,12316,12321,12324,12325,12325,12322,12316,12309,12300,12289,12276,12262,12246,12229,12212,12195,12178,12163,12149,12137,12128,12123,12119,12120,12123,12128,12139,12148,12161,12175,12187,12201,12212,12225,12239,12251,12268,12283,12298,12317,12334,12352,12366,12377,12387,12394,12400,12405,12416,12424,12424,12424,12423,12420,12414,12403,12388,12372,12354,12335,12313,12287,12256,12220,12185,12145,12105,12066,12031,12005,11986,11975,11972,11976,11986,12004,12028,12055,12085,12118,12151,12182,12210,12235,12257,12277,12293,12306,12315,12322,12328,12331
12292,12284,12276,12268,12262,12255,12250,12246,12242,12240,12241,12245,12253,12263,12274,12285,12295,12306,12316,12325,12333,12339,12345,12348,12351,12351,12350,12346,12340,12333,12323,12312,12299,12285,12270,12255,12240,12225,12211,12198,12188,12179,12173,12168,12170,12170,12174,12181,12189,12201,12210,12221,12231,12241,12252,12264,12275,12293,12306,12324,12338,12357,12373,12388,12399,12408,12415,12420,12425,12430,12435,12440,12437,12437,12435,12430,12422,12410,12397,12382,12366,12345,12324,12301,12274,12244,12211,12176,12143,12112,12088,12068,12055,12050,12052,12061,12077,12097,12122,12150,12179,12206,12232,12255,12276,12295,12310,12323,12333,12340,12347,12350,12352
12300,12291,12284,12276,12269,12263,12258,12253,12249,12249,12252,12259,12270,12281,12291,12302,12313,12324,12334,12343,12351,12359,12365,12370,12373,12375,12375,12372,12369,12363,12355,12346,12335,12323,12309,12296,12282,12268,12256,12244,12235,12226,12221,12215,12215,12213,12216,12223,12227,12236,12245,12251,12263,12269,12278,12292,12302,12317,12333,12351,12360,12382,12395,12410,12420,12428,12433,12437,12438,12439,12441,12443,12446,12445,12446,12444,12437,12428,12419,12407,12393,12377,12359,12340,12318,12294,12268,12241,12215,12191,12170,12152,12139,12132,12132,12138,12151,12168,12189,12211,12234,12257,12278,12297,12313,12327,12340,12350,12358,12363,12367,12369,12369
12304,12296,12288,12281,12274,12268,12262,12258,12256,12257,12263,12273,12284,12294,12305,12316,12327,12338,12348,12358,12368,12376,12383,12388,12392,12395,12396,12395,12393,12389,12384,12376,12367,12357,12346,12334,12321,12309,12297,12286,12277,12269,12263,12258,12256,12255,12257,12260,12263,12271,12278,12282,12293,12298,12307,12318,12329,12343,12359,12376,12384,12406,12416,12431,12440,12446,12449,12450,12450,12450,12451,12453,12455,12452,12451,12450,12446,12441,12435,12428,12417,12406,12389,12373,12354,12336,12316,12295,12275,12256,12239,12224,12213,12207,12206,12210,12220,12233,12249,12267,12285,12302,12318,12333,12346,12358,12368,12375,12379,12383,12385,12385,12384
12307,12299,12291,12284,12277,12271,12265,12261,12261,12265,12275,12285,12295,12306,12316,12327,12338,12349,12360,12371,12380,12389,12397,12403,12408,12412,12414,12414,12413,12411,12407,12402,12396,12388,12379,12369,12358,12347,12336,12326,12316,12308,12302,12297,12294,12292,12293,12295,12297,12302,12310,12313,12322,12328,12337,12345,12355,12373,12380,12404,12410,12429,12437,12451,12458,12462,12464,12463,12461,12457,12456,12456,12459,12460,12460,12458,12454,12451,12447,12443,12434,12426,12416,12403,12388,12371,12355,12339,12323,12307,12293,12282,12273,12269,12269,12272,12279,12289,12302,12315,12328,12341,12354,12366,12377,12386,12392,12395,12398,12399,12400,12399,12398
12309,12300,12292,12285,12279,12272,12267,12265,12267,12274,12285,12295,12304,12314,12324,12335,12346,12357,12369,12380,12390,12400,12408,12415,12421,12425,12428,12430,12431,12430,12428,12424,12419,12414,12407,12399,12390,12381,12371,12362,12353,12345,12338,12333,12330,12328,12328,12329,12331,12331,12341,12343,12350,12355,12363,12374,12381,12399,12402,12429,12432,12450,12457,12468,12474,12477,12477,12474,12469,12465,12462,12462,12462,12467,12468,12469,12467,12464,12461,12455,12451,12443,12436,12426,12415,12403,12389,12375,12361,12348,12337,12328,12323,12320,12320,12323,12329,12336,12345,12354,12364,12375,12386,12395,12403,12408,12410,12412,12413,12413,12413,12412,12409
12309,12301,12294,12286,12278,12272,12268,12268,12274,12283,12293,12302,12310,12320,12329,12339,12351,12362,12374,12386,12397,12407,12416,12424,12431,12436,12440,12442,12444,12444,12444,12442,12439,12435,12430,12424,12417,12410,12402,12394,12386,12379,12373,12367,12364,12361,12360,12360,12362,12361,12370,12370,12376,12384,12387,12400,12406,12422,12429,12450,12455,12469,12475,12485,12488,12489,12487,12482,12477,12472,12469,12467,12469,12473,12477,12480,12482,12482,12480,12475,12468,12463,12456,12447,12439,12429,12417,12405,12394,12384,12375,12369,12365,12363,12363,12366,12370,12375,12381,12389,12397,12405,12413,12419,12423,12425,12425,12426,12426,12425,12424,12422,12421
12310,12302,12293,12285,12278,12272,12270,12273,12280,12290,12300,12307,12315,12323,12331,12341,12352,12364,12376,12389,12401,12412,12422,12430,12438,12444,12448,12451,12454,12455,12455,12455,12453,12451,12448,12444,12439,12434,12428,12421,12415,12409,12403,12399,12395,12392,12391,12389,12391,12390,12394,12397,12399,12407,12411,12423,12432,12442,12454,12468,12475,12485,12491,12498,12500,12500,12496,12491,12485,12480,12477,12476,12480,12485,12492,12497,12501,12502,12500,12496,12490,12483,12475,12468,12459,12451,12441,12432,12423,12415,12408,12403,12400,12398,12399,12400,12403,12406,12411,12417,12423,12429,12434,12436,12437,12437,12437,12437,12436,12435,12433,12431,12428
12310,12301,12293,12284,12278,12274,12273,12279,12287,12297,12305,12310,12317,12322,12331,12339,12351,12363,12376,12389,12403,12415,12425,12435,12443,12449,12453,12457,12459,12461,12463,12463,12463,12463,12461,12459,12456,12452,12447,12443,12438,12433,12429,12425,12422,12419,12417,12416,12415,12415,12415,12419,12420,12428,12432,12442,12453,12464,12476,12486,12492,12500,12505,12508,12509,12508,12504,12499,12494,12490,12488,12490,12494,12502,12509,12514,12516,12516,12516,12512,12507,12501,12494,12486,12476,12469,12462,12454,12447,12440,12435,12430,12428,12426,12425,12426,12428,12432,12436,12440,12444,12446,12446,12446,12446,12447,12446,12445,12444,12442,12440,12438,12435
12310,12301,12293,12285,12279,12277,12278,12285,12294,12303,12308,12312,12316,12320,12327,12335,12346,12359,12373,12388,12402,12416,12427,12437,12446,12452,12456,12459,12462,12464,12466,12468,12469,12470,12470,12469,12468,12465,12462,12459,12456,12452,12448,12445,12442,12440,12438,12437,12435,12436,12434,12438,12438,12446,12452,12462,12473,12482,12493,12500,12506,12512,12514,12516,12516,12514,12511,12507,12503,12501,12502,12508,12513,12519,12524,12526,12527,12528,12527,12527,12523,12517,12510,12501,12494,12489,12481,12473,12467,12461,12457,12453,12451,12449,12447,12447,12449,12451,12453,12455,12455,12454,12454,12454,12454,12454,12453,12451,12449,12447,12445,12442,12439
12311,12303,12294,12288,12283,12282,12285,12292,12302,12308,12311,12313,12314,12316,12321,12328,12339,12353,12368,12385,12401,12415,12428,12438,12447,12453,12456,12459,12461,12464,12467,12469,12472,12474,12475,12476,12476,12475,12473,12471,12469,12466,12463,12461,12458,12456,12454,12452,12450,12450,12449,12451,12456,12463,12472,12481,12491,12498,12507,12512,12516,12520,12521,12521,12520,12518,12516,12514,12513,12515,12519,12524,12528,12532,12535,12537,12539,12541,12539,12536,12534,12529,12523,12518,12511,12504,12497,12490,12484,12480,12474,12469,12465,12463,12462,12462,12463,12464,12465,12463,12462,12462,12461,12460,12459,12458,12456,12454,12452,12450,12447,12444,12441
12315,12307,12299,12293,12290,12291,12296,12303,12309,12313,12314,12313,12312,12311,12314,12320,12331,12345,12363,12381,12399,12414,12428,12439,12447,12452,12455,12456,12458,12461,12464,12468,12472,12475,12478,12480,12481,12481,12480,12479,12477,12475,12473,12471,12469,12466,12464,12463,12461,12460,12462,12465,12473,12479,12490,12496,12506,12512,12518,12521,12523,12525,12524,12523,12522,12521,12520,12520,12523,12527,12532,12534,12537,12540,12542,12545,12548,12551,12548,12546,12542,12538,12533,12531,12526,12519,12512,12504,12498,12491,12486,12482,12479,12477,12474,12474,12473,12473,12470,12468,12466,12465,12463,12462,12461,12460,12458,12456,12453,12450,12447,12443,12439
12322,12315,12308,12304,12302,12303,12308,12313,12317,12319,12317,12313,12309,12305,12306,12311,12321,12337,12356,12376,12396,12414,12428,12439,12447,12451,12452,12451,12452,12454,12459,12464,12469,12475,12479,12482,12484,12485,12485,12484,12483,12481,12479,12477,12475,12473,12471,12469,12469,12470,12475,12480,12489,12495,12506,12511,12517,12521,12524,12526,12527,12526,12525,12524,12523,12522,12523,12527,12531,12535,12538,12540,12542,12543,12548,12549,12547,12549,12549,12548,12548,12545,12542,12539,12536,12531,12525,12519,12513,12505,12498,12491,12487,12483,12481,12480,12478,12474,12471,12468,12466,12465,12464,12462,12461,12459,12457,12455,12452,12449,12445,12441,12436
12335,12328,12322,12318,12316,12317,12321,12324,12326,12325,12320,12313,12306,12300,12298,12302,12312,12329,12349,12372,12393,12413,12429,12440,12447,12450,12448,12444,12443,12446,12451,12459,12466,12473,12479,12484,12487,12488,12488,12487,12486,12484,12482,12480,12478,12476,12475,12475,12478,12483,12489,12495,12503,12510,12518,12521,12525,12527,12530,12528,12527,12526,12524,12523,12523,12523,12528,12532,12536,12540,12542,12544,12544,12546,12547,12552,12550,12551,12548,12548,12546,12543,12542,12540,12537,12533,12527,12522,12516,12509,12502,12496,12491,12487,12485,12480,12475,12471,12468,12465,12463,12462,12461,12459,12458,12457,12454,12452,12449,12445,12441,12436,12432
12349,12343,12338,12334,12332,12333,12334,12335,12335,12332,12324,12315,12305,12296,12293,12295,12305,12322,12343,12368,12392,12412,12429,12441,12448,12449,12444,12438,12435,12438,12445,12454,12463,12472,12480,12485,12489,12490,12490,12489,12487,12485,12483,12480,12479,12478,12479,12483,12490,12496,12502,12509,12515,12521,12526,12528,12530,12530,12529,12528,12526,12524,12523,12523,12524,12527,12531,12534,12538,12540,12542,12542,12541,12543,12550,12550,12544,12542,12542,12542,12543,12543,12541,12539,12536,12533,12528,12522,12516,12510,12503,12497,12493,12487,12483,12474,12469,12464,12461,12459,12458,12458,12457,12457,12456,12454,12452,12449,12445,12441,12436,12431,12426
12364,12360,12355,12352,12350,12350,12349,12348,12345,12339,12330,12318,12306,12296,12289,12290,12300,12318,12340,12366,12392,12413,12431,12443,12449,12449,12442,12434,12430,12433,12441,12451,12462,12473,12482,12488,12492,12493,12492,12490,12488,12485,12483,12481,12480,12482,12488,12495,12502,12507,12514,12519,12524,12529,12532,12533,12531,12533,12529,12525,12524,12521,12522,12524,12527,12529,12531,12533,12536,12538,12540,12539,12538,12538,12544,12538,12536,12537,12536,12536,12536,12537,12537,12536,12534,12531,12527,12522,12516,12510,12503,12496,12488,12480,12471,12464,12459,12454,12452,12450,12451,12452,12452,12452,12452,12451,12449,12446,12442,12438,12432,12427,12422
12381,12377,12373,12370,12368,12366,12364,12361,12356,12348,12337,12324,12309,12296,12289,12288,12297,12315,12339,12367,12393,12415,12433,12445,12451,12451,12444,12435,12431,12434,12442,12453,12464,12476,12485,12492,12496,12496,12495,12492,12489,12486,12483,12483,12484,12491,12499,12506,12511,12517,12523,12527,12531,12533,12534,12532,12531,12530,12532,12521,12520,12519,12521,12522,12525,12527,12528,12530,12532,12534,12535,12534,12532,12530,12530,12528,12529,12528,12530,12532,12533,12533,12533,12532,12530,12528,12525,12520,12514,12506,12499,12490,12481,12470,12460,12452,12444,12439,12438,12441,12445,12448,12450,12451,12450,12449,12447,12444,12441,12437,12433,12429,12425
12399,12395,12392,12389,12386,12383,12379,12374,12368,12359,12347,12332,12316,12302,12293,12290,12299,12317,12342,12370,12396,12418,12435,12448,12454,12455,12450,12442,12438,12441,12448,12458,12470,12481,12490,12497,12500,12501,12499,12495,12491,12488,12486,12487,12492,12501,12509,12515,12520,12525,12530,12533,12535,12536,12535,12532,12532,12530,12524,12517,12517,12516,12517,12519,12522,12524,12524,12525,12527,12529,12528,12527,12524,12521,12520,12518,12517,12518,12520,12524,12526,12528,12529,12529,12528,12525,12522,12516,12510,12502,12493,12483,12471,12458,12445,12432,12423,12423,12429,12437,12444,12450,12454,12455,12455,12454,12451,12448,12444,12441,12437,12435,12433
12418,12414,12411,12408,12404,12400,12395,12388,12380,12370,12358,12342,12326,12311,12301,12298,12306,12323,12348,12376,12401,12423,12439,12451,12458,12460,12457,12452,12450,12452,12458,12467,12478,12487,12496,12502,12506,12506,12504,12500,12495,12492,12491,12495,12504,12512,12517,12523,12527,12531,12534,12537,12536,12536,12533,12531,12530,12525,12519,12517,12512,12513,12514,12515,12518,12520,12521,12520,12522,12523,12523,12520,12516,12512,12509,12508,12508,12510,12513,12516,12519,12523,12524,12525,12524,12522,12518,12512,12505,12496,12486,12474,12459,12443,12426,12408,12405,12413,12424,12437,12447,12454,12459,12461,12462,12461,12459,12455,12451,12448,12446,12444,12444
12437,12433,12429,12426,12422,12418,12412,12405,12395,12383,12370,12355,12339,12325,12314,12311,12318,12335,12359,12385,12408,12429,12445,12456,12463,12466,12466,12463,12463,12465,12470,12477,12486,12495,12502,12507,12510,12511,12510,12507,12504,12501,12502,12508,12515,12519,12525,12529,12532,12535,12537,12537,12537,12535,12530,12529,12525,12521,12518,12509,12509,12507,12508,12508,12511,12514,12517,12517,12516,12517,12517,12514,12508,12504,12502,12502,12503,12504,12507,12510,12514,12518,12520,12521,12520,12518,12514,12507,12500,12490,12479,12465,12448,12428,12403,12386,12392,12406,12422,12437,12450,12458,12464,12468,12470,12470,12469,12466,12464,12460,12458,12458,12459
12453,12450,12446,12442,12437,12432,12427,12420,12411,12399,12385,12370,12355,12342,12333,12330,12337,12352,12373,12396,12418,12436,12451,12461,12469,12473,12474,12475,12476,12477,12482,12488,12496,12503,12508,12513,12515,12516,12516,12514,12513,12512,12514,12518,12522,12525,12532,12532,12534,12538,12537,12538,12536,12532,12528,12527,12524,12517,12512,12510,12503,12501,12501,12503,12505,12510,12514,12514,12515,12516,12515,12513,12507,12503,12501,12500,12499,12498,12501,12505,12509,12513,12516,12517,12516,12514,12509,12503,12495,12485,12472,12457,12438,12412,12383,12374,12386,12404,12423,12440,12453,12463,12470,12474,12476,12478,12478,12477,12476,12475,12474,12474,12475
12470,12466,12462,12457,12453,12447,12441,12435,12427,12416,12403,12388,12374,12362,12354,12353,12359,12373,12391,12410,12429,12445,12458,12467,12474,12479,12483,12485,12487,12489,12493,12499,12504,12509,12514,12517,12520,12520,12520,12520,12520,12520,12521,12524,12528,12534,12541,12537,12534,12539,12538,12537,12534,12529,12526,12524,12521,12513,12507,12503,12497,12494,12494,12497,12499,12504,12510,12512,12514,12516,12516,12515,12511,12507,12504,12501,12498,12493,12494,12499,12505,12509,12512,12513,12513,12509,12505,12498,12490,12480,12467,12451,12430,12401,12374,12374,12389,12408,12428,12445,12458,12468,12475,12479,12483,12485,12486,12487,12487,12487,12487,12487,12488
12482,12479,12475,12471,12467,12461,12455,12449,12441,12432,12421,12409,12396,12386,12379,12378,12383,12395,12409,12426,12442,12455,12466,12474,12481,12486,12490,12493,12496,12499,12503,12507,12511,12515,12518,12521,12523,12524,12524,12524,12524,12525,12525,12528,12530,12535,12549,12544,12532,12537,12537,12535,12531,12526,12525,12522,12517,12510,12502,12497,12491,12486,12490,12492,12498,12501,12507,12510,12515,12517,12518,12517,12515,12512,12508,12504,12500,12495,12492,12495,12503,12507,12509,12510,12509,12505,12501,12494,12486,12476,12463,12448,12427,12398,12380,12384,12401,12418,12436,12451,12463,12473,12480,12484,12488,12491,12493,12495,12496,12496,12497,12498,12498
12495,12491,12488,12484,12479,12474,12468,12462,12455,12448,12439,12429,12419,12411,12406,12404,12408,12416,12428,12441,12454,12466,12475,12481,12487,12493,12497,12501,12504,12507,12511,12513,12516,12519,12522,12524,12526,12526,12526,12526,12527,12528,12529,12530,12531,12532,12552,12544,12531,12533,12534,12532,12527,12524,12522,12519,12514,12508,12503,12498,12497,12481,12488,12490,12494,12499,12504,12511,12516,12519,12521,12521,12519,12516,12513,12509,12505,12501,12499,12499,12503,12507,12509,12508,12505,12502,12496,12490,12482,12473,12462,12448,12428,12405,12396,12402,12414,12430,12446,12459,12469,12477,12483,12488,12492,12496,12498,12500,12502,12503,12504,12505,12505
12503,12501,12498,12494,12490,12485,12480,12475,12469,12462,12455,12447,12440,12433,12430,12429,12431,12437,12447,12457,12467,12475,12483,12488,12494,12499,12503,12507,12510,12513,12515,12517,12519,12522,12524,12526,12527,12528,12528,12528,12528,12529,12530,12530,12531,12531,12543,12533,12529,12530,12530,12528,12524,12521,12519,12517,12512,12505,12501,12501,12506,12487,12490,12493,12500,12501,12505,12513,12518,12521,12524,12524,12524,12522,12519,12516,12512,12509,12507,12505,12506,12508,12509,12507,12503,12498,12493,12487,12480,12471,12462,12450,12434,12419,12414,12420,12430,12443,12456,12466,12475,12482,12487,12491,12496,12499,12501,12504,12505,12508,12508,12509,12509
12510,12508,12506,12503,12499,12495,12491,12486,12481,12475,12469,12463,12457,12453,12450,12449,12451,12456,12463,12469,12477,12484,12490,12494,12500,12504,12509,12512,12514,12515,12516,12519,12522,12523,12525,12527,12527,12528,12528,12528,12529,12530,12529,12529,12529,12531,12532,12529,12527,12527,12527,12524,12521,12518,12517,12516,12513,12508,12504,12506,12522,12506,12504,12500,12504,12507,12509,12516,12520,12525,12526,12527,12528,12525,12523,12520,12518,12514,12513,12512,12512,12510,12509,12506,12501,12495,12488,12482,12477,12470,12463,12453,12441,12431,12432,12436,12444,12454,12463,12472,12479,12485,12490,12494,12498,12501,12504,12506,12508,12509,12510,12510,12511
12515,12514,12512,12510,12506,12503,12499,12495,12491,12486,12481,12476,12472,12469,12467,12467,12468,12471,12476,12481,12487,12492,12496,12500,12504,12509,12513,12514,12515,12516,12518,12521,12522,12524,12525,12526,12527,12528,12528,12528,12528,12528,12527,12527,12527,12527,12525,12524,12524,12525,12524,12521,12518,12517,12516,12514,12513,12512,12507,12513,12517,12505,12508,12509,12511,12512,12514,12519,12523,12527,12529,12530,12531,12527,12532,12527,12523,12520,12517,12515,12514,12512,12509,12505,12500,12493,12486,12480,12475,12470,12464,12457,12450,12446,12445,12449,12456,12464,12471,12478,12483,12488,12492,12497,12500,12503,12505,12507,12508,12509,12510,12510,12511
12519,12518,12516,12514,12512,12510,12507,12503,12499,12495,12491,12487,12484,12482,12480,12480,12481,12484,12487,12490,12494,12498,12502,12505,12509,12512,12514,12514,12515,12516,12519,12521,12522,12524,12525,12525,12526,12527,12527,12527,12526,12525,12525,12524,12524,12523,12521,12521,12522,12523,12520,12517,12516,12515,12514,12513,12513,12512,12510,12519,12514,12505,12509,12513,12517,12517,12516,12520,12524,12529,12529,12530,12531,12531,12533,12526,12524,12522,12520,12519,12517,12513,12509,12505,12498,12491,12483,12476,12472,12468,12465,12460,12456,12454,12456,12461,12465,12471,12477,12482,12486,12490,12494,12498,12501,12503,12505,12506,12507,12508,12508,12509,12510
12519,12519,12519,12518,12516,12514,12512,12509,12506,12503,12499,12496,12493,12492,12491,12491,12491,12493,12496,12498,12501,12503,12506,12509,12512,12514,12514,12514,12514,12517,12518,12520,12522,12523,12524,12524,12524,12525,12525,12524,12523,12523,12522,12521,12520,12518,12518,12518,12520,12520,12517,12515,12514,12514,12513,12512,12513,12513,12516,12517,12514,12516,12512,12515,12518,12521,12518,12520,12525,12528,12530,12531,12532,12534,12541,12539,12535,12527,12524,12521,12519,12514,12511,12506,12499,12490,12483,12476,12472,12468,12466,12463,12463,12464,12466,12468,12473,12477,12482,12485,12489,12491,12495,12499,12501,12503,12504,12505,12505,12506,12506,12507,12509
12521,12524,12525,12523,12522,12520,12517,12514,12511,12508,12506,12503,12501,12500,12500,12500,12500,12501,12503,12504,12506,12508,12509,12511,12513,12514,12513,12512,12514,12516,12518,12519,12521,12522,12523,12523,12523,12522,12522,12521,12521,12519,12518,12517,12516,12515,12516,12516,12517,12516,12515,12513,12512,12512,12511,12511,12511,12511,12513,12512,12512,12512,12515,12518,12518,12522,12523,12526,12530,12532,12531,12533,12536,12535,12536,12530,12533,12535,12532,12526,12523,12517,12512,12506,12500,12491,12482,12476,12473,12471,12470,12469,12471,12472,12473,12475,12479,12482,12485,12488,12491,12493,12496,12500,12501,12503,12503,12503,12503,12503,12504,12505,12506
12525,12526,12524,12522,12523,12523,12521,12518,12516,12513,12510,12508,12507,12507,12507,12507,12507,12508,12508,12508,12509,12511,12512,12512,12513,12514,12512,12511,12513,12515,12517,12518,12519,12520,12521,12521,12520,12520,12519,12518,12518,12516,12515,12515,12514,12514,12514,12514,12514,12513,12513,12512,12512,12510,12510,12509,12510,12510,12512,12514,12514,12516,12516,12518,12519,12521,12523,12526,12527,12532,12533,12530,12530,12529,12529,12528,12527,12525,12525,12523,12522,12519,12515,12509,12502,12493,12485,12480,12476,12475,12475,12476,12477,12478,12479,12481,12483,12484,12488,12491,12492,12494,12497,12499,12501,12501,12501,12501,12501,12501,12501,12502,12504
12525,12524,12523,12524,12525,12526,12524,12522,12520,12517,12515,12514,12513,12513,12513,12512,12513,12512,12512,12512,12512,12513,12513,12513,12513,12513,12510,12509,12511,12514,12516,12517,12518,12518,12518,12518,12517,12517,12516,12515,12514,12513,12513,12513,12513,12513,12513,12513,12512,12511,12511,12509,12510,12508,12508,12507,12508,12508,12510,12512,12513,12514,12515,12517,12519,12520,12523,12525,12526,12528,12529,12529,12528,12529,12533,12537,12537,12527,12526,12525,12522,12518,12515,12511,12505,12498,12490,12485,12484,12482,12482,12482,12483,12485,12484,12485,12484,12487,12491,12493,12494,12496,12498,12499,12500,12500,12499,12499,12498,12498,12499,12500,12501
12522,12520,12522,12524,12526,12528,12527,12523,12522,12520,12518,12517,12517,12517,12517,12517,12516,12516,12515,12514,12514,12514,12514,12514,12513,12512,12510,12508,12510,12513,12516,12516,12517,12516,12516,12515,12514,12513,12512,12511,12510,12510,12510,12510,12510,12511,12510,12510,12510,12509,12509,12507,12509,12506,12505,12504,12505,12506,12509,12511,12511,12514,12519,12516,12520,12520,12523,12524,12524,12526,12527,12528,12529,12536,12541,12544,12544,12534,12522,12521,12522,12520,12516,12513,12508,12501,12495,12489,12487,12488,12487,12488,12487,12488,12487,12486,12485,12489,12493,12494,12495,12496,12498,12498,12498,12499,12498,12497,12497,12497,12497,12498,12500
12518,12521,12523,12522,12526,12529,12531,12526,12523,12522,12521,12520,12520,12520,12521,12520,12520,12518,12516,12515,12515,12515,12514,12514,12513,12512,12510,12508,12510,12513,12516,12516,12516,12515,12514,12513,12512,12510,12509,12508,12508,12507,12507,12508,12508,12509,12508,12507,12507,12506,12506,12504,12503,12503,12502,12501,12502,12504,12507,12508,12509,12515,12518,12516,12518,12516,12515,12516,12518,12520,12525,12526,12529,12535,12537,12537,12535,12537,12527,12520,12520,12520,12519,12515,12513,12507,12500,12492,12495,12497,12500,12494,12491,12491,12488,12487,12489,12492,12494,12495,12496,12496,12498,12498,12498,12497,12496,12495,12495,12495,12495,12496,12498
12518,12521,12531,12521,12523,12528,12533,12536,12517,12522,12523,12522,12523,12523,12524,12523,12521,12519,12518,12517,12517,12516,12515,12515,12514,12513,12512,12511,12512,12513,12516,12516,12515,12514,12512,12511,12509,12508,12506,12506,12506,12506,12506,12507,12506,12507,12506,12505,12504,12503,12502,12501,12500,12499,12499,12498,12501,12504,12510,12514,12518,12525,12515,12512,12514,12516,12528,12534,12538,12531,12527,12531,12530,12530,12530,12531,12531,12533,12533,12519,12518,12524,12525,12520,12515,12511,12506,12499,12494,12492,12493,12492,12493,12496,12493,12491,12492,12495,12496,12497,12497,12496,12497,12498,12497,12496,12494,12493,12492,12492,12493,12494,12495
