11024,11027,11030,11033,11036,11039,11042,11045,11048,11050,11053,11056,11058,11060,11063,11065,11066,11068,11070,11071,11072,11073,11073,11074,11074,11074,11074,11074,11073,11073,11072,11071,11070,11070,11069,11068,11067,11066,11065,11064,11063,11062,11061,11061,11060,11060,11059,11059,11059,11060,11060,11061,11061,11062,11064,11065,11066,11068,11070,11072,11075,11077,11080,11083,11086,11089,11093,11096,11099,11103,11106,11110,11113,11117,11120,11124,11128,11131,11135,11138,11141,11144,11147,11150,11153,11156,11159,11162,11164,11167,11169,11171,11174,11176,11178,11180,11182,11185,11187,11189,11192,11194,11196,11198,11201,11203,11205,11207,11209,11211,11214,11216,11217
11026,11029,11033,11036,11039,11042,11045,11049,11052,11055,11058,11061,11063,11066,11068,11070,11072,11074,11075,11076,11077,11078,11078,11078,11078,11077,11077,11076,11076,11075,11074,11073,11071,11070,11069,11067,11066,11065,11063,11062,11061,11059,11058,11057,11057,11056,11055,11055,11055,11055,11055,11056,11057,11057,11058,11060,11061,11063,11065,11067,11070,11073,11075,11078,11082,11085,11089,11093,11096,11100,11103,11107,11110,11114,11118,11121,11125,11129,11132,11136,11139,11143,11146,11149,11152,11155,11158,11161,11164,11166,11169,11171,11174,11177,11180,11182,11185,11187,11190,11192,11195,11197,11200,11203,11206,11209,11212,11214,11217,11220,11223,11226,11228
11027,11031,11034,11038,11041,11044,11048,11051,11054,11058,11061,11064,11067,11070,11072,11074,11076,11078,11079,11080,11080,11081,11081,11081,11080,11079,11079,11078,11077,11075,11074,11073,11071,11070,11068,11066,11065,11063,11061,11060,11058,11057,11056,11054,11053,11053,11052,11051,11051,11051,11051,11051,11052,11052,11053,11055,11056,11058,11060,11062,11065,11068,11071,11074,11078,11081,11085,11088,11091,11095,11099,11103,11107,11111,11114,11118,11122,11126,11130,11133,11137,11140,11144,11148,11150,11154,11156,11159,11162,11165,11168,11170,11173,11176,11179,11181,11184,11187,11190,11193,11196,11199,11203,11206,11209,11212,11216,11220,11223,11227,11230,11234,11237
11029,11032,11036,11039,11043,11047,11050,11054,11057,11061,11064,11068,11071,11074,11076,11079,11080,11082,11083,11084,11084,11084,11084,11083,11082,11082,11080,11079,11078,11076,11075,11073,11071,11069,11067,11066,11064,11062,11060,11058,11056,11054,11053,11052,11050,11049,11049,11048,11047,11047,11047,11047,11047,11048,11049,11050,11051,11053,11055,11058,11060,11063,11066,11069,11073,11076,11080,11083,11087,11091,11094,11098,11101,11105,11109,11112,11116,11120,11123,11127,11130,11134,11138,11141,11143,11147,11150,11153,11156,11159,11162,11165,11168,11172,11175,11179,11182,11185,11188,11191,11194,11197,11201,11204,11209,11213,11217,11221,11225,11229,11233,11237,11241
11029,11033,11037,11041,11045,11048,11052,11056,11059,11063,11067,11071,11074,11077,11079,11082,11084,11085,11086,11087,11087,11087,11086,11085,11084,11083,11081,11079,11078,11076,11074,11072,11070,11068,11066,11064,11062,11059,11057,11055,11054,11052,11050,11049,11048,11047,11046,11045,11044,11043,11043,11042,11043,11043,11044,11045,11047,11049,11051,11053,11056,11059,11062,11065,11068,11072,11075,11079,11082,11086,11089,11093,11096,11100,11104,11107,11110,11114,11117,11121,11124,11128,11131,11134,11137,11140,11143,11146,11150,11153,11156,11160,11164,11168,11171,11174,11178,11181,11184,11188,11191,11195,11199,11203,11207,11212,11216,11221,11225,11230,11234,11239,11243
11030,11034,11038,11042,11046,11049,11053,11057,11061,11065,11069,11073,11076,11079,11082,11084,11086,11088,11088,11089,11089,11088,11088,11087,11085,11084,11082,11080,11078,11076,11074,11072,11069,11067,11064,11062,11059,11057,11055,11053,11051,11049,11048,11046,11045,11043,11042,11041,11040,11039,11039,11039,11039,11040,11041,11042,11043,11045,11047,11050,11052,11055,11058,11061,11064,11067,11071,11075,11078,11081,11085,11088,11091,11094,11097,11100,11103,11107,11109,11112,11115,11118,11122,11125,11128,11131,11134,11138,11141,11145,11148,11152,11155,11159,11164,11168,11172,11176,11180,11184,11187,11191,11195,11200,11204,11209,11214,11219,11224,11229,11234,11238,11243
11031,11034,11039,11042,11046,11049,11054,11058,11062,11066,11070,11073,11077,11080,11083,11085,11087,11089,11090,11090,11090,11089,11088,11087,11086,11084,11082,11080,11078,11075,11073,11070,11067,11065,11062,11060,11057,11055,11052,11050,11048,11046,11044,11043,11041,11040,11038,11037,11036,11036,11036,11036,11036,11037,11038,11039,11041,11043,11045,11047,11049,11052,11055,11058,11061,11064,11067,11070,11074,11077,11081,11084,11087,11090,11093,11095,11098,11101,11103,11106,11109,11111,11114,11116,11119,11122,11125,11128,11132,11135,11139,11144,11148,11152,11157,11161,11166,11170,11175,11179,11184,11188,11192,11197,11202,11207,11212,11217,11222,11227,11232,11237,11241
11031,11035,11039,11042,11046,11049,11053,11058,11062,11066,11070,11073,11077,11080,11083,11085,11087,11089,11090,11090,11090,11089,11088,11087,11085,11083,11081,11079,11077,11074,11071,11069,11066,11063,11060,11057,11055,11052,11050,11047,11045,11043,11041,11039,11037,11036,11035,11034,11033,11033,11033,11033,11034,11035,11036,11038,11039,11041,11043,11045,11047,11050,11052,11055,11058,11061,11064,11067,11071,11074,11077,11080,11083,11085,11088,11090,11092,11095,11097,11099,11101,11103,11106,11108,11111,11114,11117,11120,11123,11126,11130,11134,11139,11144,11149,11154,11159,11164,11170,11175,11179,11184,11189,11194,11199,11204,11209,11215,11220,11225,11230,11236,11240
11031,11035,11038,11042,11045,11049,11052,11056,11060,11064,11068,11072,11075,11079,11082,11084,11086,11088,11089,11089,11089,11088,11087,11085,11084,11082,11079,11077,11074,11072,11069,11066,11063,11061,11058,11055,11052,11050,11047,11044,11042,11039,11038,11036,11035,11033,11032,11031,11031,11031,11031,11032,11033,11034,11036,11037,11039,11040,11042,11044,11047,11049,11052,11055,11057,11060,11063,11066,11069,11072,11075,11078,11080,11083,11085,11087,11089,11091,11093,11095,11097,11099,11100,11102,11104,11107,11110,11113,11116,11119,11124,11128,11132,11137,11143,11148,11154,11159,11165,11170,11175,11181,11187,11192,11198,11203,11208,11213,11219,11224,11229,11234,11239
11031,11034,11038,11042,11045,11048,11051,11055,11058,11062,11066,11070,11073,11076,11079,11082,11084,11085,11086,11087,11087,11086,11085,11083,11082,11079,11077,11075,11072,11069,11066,11063,11060,11058,11055,11052,11049,11046,11044,11041,11039,11037,11036,11034,11033,11032,11031,11030,11031,11031,11031,11032,11033,11034,11036,11038,11039,11041,11043,11046,11048,11050,11053,11056,11058,11061,11064,11066,11069,11072,11074,11076,11079,11081,11083,11085,11087,11089,11090,11092,11094,11095,11097,11099,11100,11103,11105,11108,11111,11115,11119,11123,11128,11133,11139,11144,11150,11156,11162,11168,11174,11180,11185,11191,11197,11202,11208,11213,11218,11224,11229,11234,11238
11032,11035,11038,11041,11044,11047,11050,11053,11056,11060,11063,11067,11071,11074,11077,11079,11081,11083,11084,11084,11085,11084,11083,11081,11080,11078,11075,11072,11070,11067,11064,11061,11058,11055,11052,11049,11047,11044,11041,11039,11037,11036,11034,11033,11032,11031,11031,11030,11031,11032,11032,11033,11034,11036,11038,11039,11041,11044,11046,11048,11051,11053,11056,11059,11061,11064,11066,11069,11071,11073,11076,11078,11080,11082,11084,11086,11088,11089,11091,11092,11093,11095,11096,11098,11100,11102,11104,11108,11111,11114,11118,11123,11128,11133,11138,11144,11150,11156,11162,11168,11174,11180,11186,11192,11198,11204,11209,11215,11220,11225,11230,11234,11239
11032,11035,11038,11041,11044,11047,11050,11052,11055,11058,11061,11065,11068,11071,11073,11076,11078,11080,11081,11082,11082,11082,11081,11079,11077,11075,11072,11069,11067,11064,11061,11058,11056,11054,11051,11048,11045,11042,11040,11037,11036,11034,11033,11032,11031,11030,11030,11031,11031,11032,11034,11035,11036,11038,11040,11043,11045,11047,11050,11052,11055,11058,11060,11063,11065,11068,11070,11073,11075,11077,11079,11081,11083,11085,11087,11089,11090,11092,11093,11096,11097,11098,11099,11101,11103,11105,11108,11110,11114,11117,11122,11127,11132,11137,11142,11147,11153,11159,11166,11172,11178,11184,11190,11195,11201,11206,11212,11217,11223,11228,11232,11237,11241
11034,11036,11039,11042,11045,11048,11050,11053,11055,11058,11060,11062,11066,11068,11071,11073,11076,11078,11079,11080,11080,11080,11079,11078,11076,11074,11071,11068,11065,11062,11059,11057,11054,11052,11049,11046,11044,11041,11039,11037,11035,11034,11033,11031,11031,11030,11031,11032,11033,11034,11036,11038,11040,11042,11045,11047,11050,11052,11055,11057,11060,11063,11065,11068,11071,11073,11076,11078,11080,11082,11085,11087,11089,11091,11092,11094,11096,11098,11100,11102,11104,11105,11107,11108,11110,11112,11115,11118,11121,11125,11129,11134,11139,11144,11149,11155,11160,11167,11173,11180,11185,11191,11197,11202,11207,11213,11217,11223,11227,11232,11236,11240,11244
11038,11040,11042,11044,11047,11049,11052,11054,11056,11059,11061,11063,11065,11068,11070,11072,11075,11076,11077,11078,11079,11079,11078,11077,11074,11072,11070,11067,11064,11061,11059,11056,11053,11051,11048,11045,11042,11040,11038,11037,11035,11034,11033,11032,11032,11032,11033,11034,11036,11037,11040,11042,11044,11047,11049,11052,11054,11057,11060,11063,11065,11068,11071,11074,11076,11079,11081,11084,11086,11089,11091,11093,11095,11097,11100,11102,11104,11106,11108,11112,11114,11115,11117,11119,11122,11124,11127,11130,11134,11137,11142,11146,11151,11156,11161,11167,11172,11178,11184,11191,11196,11201,11206,11211,11215,11220,11225,11229,11233,11238,11242,11245,11249
11045,11046,11047,11049,11051,11053,11055,11057,11060,11062,11065,11066,11068,11070,11072,11074,11075,11077,11078,11079,11079,11079,11078,11077,11075,11073,11071,11068,11065,11062,11059,11056,11054,11051,11048,11044,11042,11040,11038,11037,11036,11034,11034,11034,11035,11036,11037,11039,11040,11042,11044,11046,11049,11051,11054,11057,11060,11063,11065,11068,11071,11074,11077,11080,11082,11085,11088,11091,11093,11096,11099,11101,11104,11106,11109,11111,11114,11117,11120,11123,11126,11128,11131,11133,11136,11139,11142,11145,11149,11153,11157,11161,11166,11171,11177,11183,11188,11193,11198,11205,11209,11213,11218,11222,11226,11230,11234,11238,11242,11245,11249,11252,11256
11053,11054,11055,11056,11058,11059,11061,11063,11066,11068,11070,11072,11074,11075,11077,11078,11079,11080,11080,11081,11082,11081,11080,11079,11076,11074,11071,11069,11066,11063,11060,11057,11054,11051,11048,11045,11043,11041,11039,11038,11037,11037,11036,11037,11038,11039,11041,11042,11044,11046,11048,11051,11054,11057,11060,11063,11066,11069,11072,11074,11077,11080,11083,11086,11089,11092,11095,11098,11101,11104,11108,11111,11114,11117,11120,11123,11126,11130,11134,11137,11140,11143,11146,11150,11153,11157,11160,11164,11168,11172,11177,11180,11185,11190,11195,11199,11204,11209,11214,11220,11224,11228,11231,11235,11237,11241,11245,11247,11251,11255,11259,11262,11265
11062,11063,11064,11065,11066,11068,11070,11072,11074,11076,11078,11080,11081,11083,11084,11085,11086,11087,11087,11087,11086,11085,11084,11082,11080,11078,11075,11072,11069,11065,11062,11058,11055,11052,11049,11047,11044,11042,11041,11040,11039,11038,11039,11040,11041,11043,11044,11047,11049,11051,11054,11057,11060,11063,11066,11070,11072,11075,11079,11081,11085,11088,11091,11094,11097,11100,11104,11107,11110,11114,11117,11121,11125,11129,11133,11136,11140,11143,11147,11151,11156,11159,11163,11167,11171,11175,11179,11183,11188,11191,11197,11200,11205,11209,11213,11218,11222,11227,11232,11236,11240,11244,11247,11250,11253,11254,11259,11259,11264,11265,11270,11273,11276
11074,11074,11074,11075,11076,11078,11080,11082,11084,11086,11088,11090,11092,11093,11094,11096,11096,11097,11096,11096,11095,11093,11091,11088,11085,11082,11079,11076,11073,11070,11066,11062,11058,11055,11052,11049,11047,11045,11044,11043,11042,11043,11043,11044,11046,11048,11051,11053,11055,11058,11061,11064,11068,11071,11074,11077,11080,11083,11086,11089,11093,11096,11099,11103,11106,11109,11113,11117,11120,11124,11128,11132,11136,11141,11145,11149,11154,11158,11163,11167,11172,11177,11181,11186,11190,11195,11198,11202,11206,11210,11215,11219,11224,11228,11232,11236,11241,11245,11250,11253,11258,11261,11264,11266,11269,11269,11274,11271,11277,11276,11282,11285,11287
11086,11085,11086,11086,11088,11089,11091,11093,11095,11098,11100,11102,11104,11106,11107,11108,11109,11109,11109,11108,11106,11104,11101,11098,11095,11091,11087,11083,11079,11074,11070,11066,11063,11059,11056,11053,11051,11049,11048,11047,11048,11048,11049,11051,11053,11055,11058,11061,11064,11067,11070,11074,11077,11080,11083,11086,11089,11092,11096,11099,11102,11105,11109,11112,11116,11120,11123,11127,11131,11135,11139,11144,11148,11153,11158,11163,11168,11172,11177,11183,11188,11193,11197,11202,11206,11211,11215,11219,11224,11228,11233,11237,11242,11246,11251,11255,11260,11264,11268,11272,11276,11279,11282,11285,11286,11287,11290,11287,11296,11290,11294,11297,11297
11098,11097,11097,11098,11099,11101,11103,11106,11108,11111,11114,11116,11119,11121,11123,11124,11125,11125,11124,11123,11120,11117,11116,11111,11107,11103,11097,11092,11089,11084,11079,11074,11069,11065,11062,11059,11057,11056,11055,11055,11055,11056,11058,11060,11063,11065,11068,11071,11074,11077,11081,11084,11087,11091,11094,11097,11100,11103,11106,11109,11113,11116,11120,11124,11127,11131,11135,11139,11143,11147,11152,11156,11161,11166,11171,11176,11181,11187,11192,11197,11202,11207,11212,11216,11221,11226,11229,11234,11239,11243,11248,11253,11258,11264,11269,11274,11279,11283,11287,11292,11295,11299,11301,11304,11306,11307,11308,11305,11312,11307,11311,11310,11309
11110,11110,11110,11111,11112,11114,11117,11120,11123,11127,11130,11134,11137,11139,11142,11144,11144,11144,11143,11142,11139,11135,11133,11129,11123,11120,11115,11109,11101,11095,11090,11085,11080,11075,11072,11069,11067,11065,11064,11065,11065,11067,11069,11071,11074,11077,11080,11084,11087,11090,11093,11097,11100,11103,11106,11110,11113,11116,11119,11122,11126,11129,11132,11136,11140,11143,11148,11152,11156,11161,11165,11170,11174,11179,11184,11189,11194,11200,11205,11210,11215,11219,11224,11228,11233,11238,11243,11248,11253,11259,11264,11270,11276,11282,11287,11293,11298,11303,11308,11312,11316,11319,11322,11324,11327,11328,11328,11329,11328,11329,11330,11327,11326
11123,11123,11124,11125,11128,11131,11134,11138,11142,11146,11150,11155,11159,11162,11165,11167,11168,11168,11167,11165,11161,11158,11155,11150,11144,11139,11134,11126,11120,11112,11105,11098,11093,11088,11084,11081,11079,11077,11076,11077,11078,11080,11082,11085,11088,11091,11094,11097,11101,11105,11108,11111,11114,11117,11121,11123,11127,11131,11134,11137,11140,11143,11147,11150,11154,11158,11161,11165,11170,11175,11179,11183,11188,11193,11197,11202,11207,11212,11216,11221,11225,11230,11235,11240,11245,11250,11256,11262,11269,11275,11281,11289,11294,11302,11307,11313,11318,11323,11328,11333,11337,11340,11343,11346,11348,11349,11350,11350,11350,11350,11349,11347,11344
11139,11139,11140,11142,11145,11149,11153,11158,11163,11168,11174,11179,11184,11188,11192,11195,11196,11196,11194,11192,11188,11185,11180,11175,11168,11161,11154,11145,11137,11130,11122,11116,11109,11104,11099,11095,11093,11091,11090,11090,11092,11094,11096,11099,11102,11106,11110,11113,11117,11121,11124,11127,11131,11134,11138,11141,11144,11148,11151,11154,11157,11160,11163,11166,11170,11173,11177,11181,11185,11189,11193,11197,11202,11206,11211,11215,11219,11223,11227,11232,11236,11241,11247,11252,11258,11265,11272,11279,11285,11294,11300,11309,11313,11323,11327,11334,11340,11345,11350,11354,11358,11362,11365,11367,11369,11370,11371,11372,11372,11371,11369,11367,11363
11157,11157,11158,11160,11164,11169,11174,11181,11187,11194,11201,11208,11214,11219,11223,11226,11228,11228,11226,11224,11219,11215,11209,11203,11195,11187,11178,11169,11160,11150,11142,11134,11128,11122,11116,11112,11109,11107,11106,11106,11107,11110,11112,11116,11119,11122,11127,11130,11134,11138,11142,11146,11150,11153,11157,11160,11163,11167,11170,11173,11176,11179,11182,11185,11188,11191,11194,11197,11201,11204,11208,11212,11216,11220,11224,11228,11232,11236,11240,11244,11249,11255,11260,11267,11274,11281,11289,11297,11305,11314,11320,11331,11335,11345,11349,11357,11362,11367,11372,11376,11380,11384,11387,11390,11392,11393,11394,11394,11394,11393,11391,11388,11385
11177,11178,11179,11183,11187,11193,11200,11208,11216,11224,11233,11240,11247,11253,11258,11262,11264,11265,11264,11262,11257,11251,11244,11236,11227,11217,11207,11197,11186,11176,11167,11158,11150,11143,11137,11132,11128,11125,11123,11124,11124,11126,11129,11132,11136,11141,11145,11149,11154,11158,11163,11167,11171,11175,11178,11182,11185,11188,11192,11195,11197,11200,11202,11205,11207,11210,11212,11215,11218,11221,11224,11228,11231,11235,11238,11242,11246,11250,11254,11259,11264,11271,11277,11285,11293,11301,11310,11319,11328,11338,11345,11355,11361,11370,11375,11382,11387,11392,11396,11400,11404,11407,11411,11413,11416,11417,11418,11419,11418,11417,11415,11413,11409
11200,11202,11205,11209,11215,11222,11230,11239,11249,11258,11268,11277,11285,11293,11298,11303,11306,11307,11307,11304,11299,11292,11284,11274,11264,11253,11241,11228,11216,11205,11194,11184,11175,11167,11160,11154,11150,11147,11144,11143,11144,11146,11149,11152,11156,11160,11165,11170,11175,11180,11185,11189,11194,11198,11202,11206,11210,11213,11216,11218,11221,11223,11225,11227,11229,11231,11233,11235,11237,11240,11243,11246,11249,11252,11255,11259,11262,11267,11272,11277,11283,11290,11298,11306,11315,11325,11335,11345,11355,11365,11373,11382,11390,11397,11403,11409,11414,11418,11422,11426,11429,11432,11435,11438,11441,11443,11444,11445,11445,11444,11442,11439,11436
11226,11229,11233,11239,11247,11255,11265,11275,11286,11297,11308,11318,11327,11335,11342,11348,11351,11353,11352,11349,11344,11337,11328,11318,11306,11293,11280,11266,11252,11239,11226,11214,11204,11194,11186,11179,11174,11170,11167,11166,11165,11167,11170,11173,11177,11182,11187,11192,11198,11204,11209,11215,11220,11225,11229,11233,11237,11240,11243,11245,11247,11249,11250,11252,11253,11254,11256,11257,11259,11261,11263,11266,11268,11272,11275,11279,11283,11288,11293,11300,11307,11315,11324,11333,11343,11354,11365,11376,11386,11396,11405,11413,11421,11428,11433,11439,11443,11447,11450,11454,11456,11459,11462,11465,11467,11470,11472,11473,11473,11473,11472,11469,11466
11256,11260,11266,11274,11283,11293,11305,11316,11328,11340,11352,11363,11373,11382,11390,11396,11399,11401,11400,11397,11392,11385,11377,11366,11353,11339,11324,11308,11293,11277,11262,11248,11235,11224,11214,11206,11200,11195,11192,11190,11189,11189,11192,11195,11201,11205,11211,11217,11222,11230,11236,11242,11248,11253,11259,11263,11266,11269,11272,11274,11275,11277,11278,11279,11279,11280,11281,11281,11282,11284,11286,11288,11291,11294,11298,11303,11308,11313,11319,11327,11335,11344,11354,11365,11376,11387,11399,11410,11421,11431,11440,11448,11455,11461,11467,11471,11475,11478,11481,11484,11486,11489,11491,11494,11497,11499,11502,11504,11505,11505,11504,11502,11499
11290,11296,11303,11313,11324,11336,11348,11361,11374,11387,11400,11412,11423,11432,11440,11446,11450,11452,11452,11449,11444,11437,11427,11416,11403,11389,11373,11356,11338,11321,11304,11287,11272,11258,11246,11236,11228,11222,11218,11215,11214,11214,11216,11219,11224,11231,11237,11245,11251,11258,11264,11272,11278,11283,11288,11293,11297,11300,11303,11305,11306,11307,11308,11308,11308,11309,11308,11309,11309,11310,11312,11314,11317,11321,11325,11330,11336,11343,11350,11359,11368,11379,11389,11401,11413,11424,11436,11447,11458,11468,11477,11485,11491,11497,11502,11506,11509,11511,11514,11516,11519,11521,11523,11526,11529,11531,11534,11537,11538,11539,11539,11538,11536
11328,11335,11345,11356,11368,11382,11396,11410,11424,11437,11451,11463,11475,11485,11493,11500,11504,11506,11506,11503,11498,11490,11481,11469,11455,11440,11424,11406,11387,11368,11350,11331,11314,11297,11283,11270,11260,11252,11247,11243,11241,11241,11242,11246,11252,11260,11265,11273,11280,11287,11296,11302,11310,11316,11320,11325,11329,11332,11335,11337,11338,11339,11340,11340,11339,11339,11338,11338,11338,11339,11341,11343,11346,11351,11356,11363,11370,11378,11387,11397,11407,11418,11429,11441,11453,11465,11477,11488,11499,11508,11516,11523,11530,11535,11539,11543,11545,11547,11549,11551,11553,11555,11557,11560,11563,11566,11570,11573,11576,11578,11578,11578,11576
11371,11380,11391,11404,11417,11431,11446,11461,11476,11491,11505,11518,11530,11540,11549,11556,11561,11563,11563,11560,11555,11547,11537,11525,11511,11495,11478,11459,11440,11420,11399,11379,11360,11342,11325,11311,11298,11288,11280,11275,11272,11271,11273,11277,11282,11289,11297,11305,11310,11319,11323,11337,11341,11351,11355,11358,11362,11366,11368,11370,11372,11373,11374,11373,11373,11372,11371,11371,11371,11372,11374,11377,11381,11386,11393,11400,11409,11418,11428,11439,11450,11462,11474,11486,11499,11510,11522,11532,11543,11551,11558,11564,11569,11574,11578,11580,11583,11584,11586,11587,11589,11592,11594,11598,11601,11604,11608,11612,11616,11619,11620,11621,11620
11419,11429,11441,11454,11469,11484,11500,11516,11531,11547,11561,11575,11587,11598,11607,11614,11619,11621,11621,11619,11613,11606,11596,11583,11569,11552,11534,11515,11495,11474,11453,11431,11411,11391,11372,11355,11341,11328,11319,11312,11309,11308,11309,11311,11316,11322,11328,11337,11343,11351,11357,11366,11376,11388,11393,11394,11397,11401,11404,11406,11408,11409,11410,11409,11409,11407,11407,11406,11408,11409,11412,11415,11420,11426,11433,11442,11452,11462,11473,11485,11496,11509,11521,11534,11546,11557,11568,11578,11588,11595,11602,11607,11611,11614,11617,11619,11621,11622,11624,11626,11627,11630,11633,11637,11641,11645,11650,11654,11659,11662,11665,11666,11666
11468,11480,11493,11507,11522,11539,11555,11572,11588,11604,11619,11633,11646,11657,11667,11675,11680,11682,11682,11679,11674,11666,11656,11643,11629,11612,11594,11574,11553,11531,11509,11486,11464,11443,11423,11405,11388,11374,11363,11355,11350,11348,11347,11348,11351,11358,11365,11372,11378,11384,11392,11399,11413,11424,11434,11436,11436,11439,11442,11445,11447,11448,11449,11449,11449,11448,11448,11447,11449,11451,11454,11459,11465,11472,11480,11489,11500,11512,11524,11535,11547,11559,11572,11584,11596,11607,11617,11627,11635,11641,11646,11649,11652,11655,11657,11659,11660,11662,11661,11665,11666,11669,11673,11678,11683,11688,11694,11699,11704,11709,11712,11715,11715
11520,11532,11546,11561,11577,11594,11612,11629,11646,11662,11678,11693,11706,11718,11728,11736,11741,11744,11745,11742,11737,11729,11719,11706,11691,11674,11655,11635,11613,11591,11568,11544,11521,11499,11477,11458,11440,11425,11411,11401,11393,11389,11388,11388,11390,11395,11403,11410,11416,11423,11430,11439,11449,11463,11473,11481,11481,11482,11485,11488,11489,11490,11491,11492,11492,11492,11494,11494,11497,11500,11505,11510,11517,11525,11533,11542,11553,11565,11578,11590,11602,11613,11625,11637,11647,11658,11667,11675,11682,11688,11690,11692,11694,11696,11697,11699,11700,11702,11701,11705,11706,11710,11715,11720,11726,11733,11739,11746,11752,11758,11762,11765,11765
11571,11585,11600,11616,11633,11651,11669,11686,11704,11721,11737,11753,11768,11781,11792,11801,11807,11811,11811,11809,11805,11797,11787,11774,11758,11740,11719,11698,11676,11653,11630,11606,11582,11558,11536,11515,11496,11479,11465,11453,11444,11438,11434,11434,11435,11438,11446,11451,11464,11468,11474,11478,11491,11502,11517,11524,11528,11529,11532,11535,11537,11538,11539,11540,11541,11542,11546,11547,11550,11553,11559,11565,11572,11581,11590,11598,11609,11620,11633,11646,11658,11669,11680,11690,11699,11707,11716,11723,11728,11734,11734,11735,11736,11738,11739,11740,11741,11742,11743,11745,11748,11752,11758,11765,11772,11779,11787,11795,11801,11808,11813,11817,11819
11623,11638,11654,11671,11688,11707,11725,11744,11763,11781,11799,11817,11833,11846,11857,11866,11871,11874,11874,11872,11867,11860,11851,11839,11824,11807,11788,11766,11743,11719,11694,11669,11645,11621,11598,11576,11556,11538,11522,11509,11500,11493,11488,11485,11485,11488,11494,11500,11513,11519,11526,11527,11537,11547,11562,11570,11576,11580,11582,11584,11588,11591,11593,11594,11595,11597,11602,11604,11608,11611,11617,11623,11632,11641,11650,11660,11669,11679,11692,11703,11715,11725,11735,11744,11751,11758,11766,11771,11776,11777,11777,11777,11778,11779,11780,11781,11781,11783,11784,11787,11791,11796,11803,11811,11819,11827,11836,11845,11853,11861,11867,11871,11873
11675,11691,11708,11725,11744,11764,11783,11804,11824,11844,11863,11880,11895,11908,11918,11926,11931,11934,11935,11933,11928,11921,11912,11900,11886,11870,11852,11833,11812,11788,11763,11737,11712,11686,11663,11640,11619,11600,11584,11570,11559,11551,11545,11541,11539,11540,11546,11553,11567,11574,11576,11577,11585,11596,11611,11617,11623,11634,11637,11635,11642,11648,11651,11652,11653,11655,11659,11663,11668,11673,11678,11686,11693,11704,11713,11722,11730,11740,11752,11762,11771,11780,11789,11797,11801,11808,11813,11817,11820,11820,11820,11819,11819,11820,11821,11822,11823,11824,11827,11830,11835,11842,11850,11859,11868,11877,11887,11897,11906,11914,11920,11924,11925
11726,11743,11761,11780,11800,11821,11842,11863,11884,11904,11923,11940,11954,11967,11978,11987,11993,11997,11998,11996,11992,11985,11976,11965,11951,11934,11916,11897,11877,11855,11832,11807,11782,11756,11731,11708,11686,11667,11650,11635,11623,11614,11607,11601,11597,11597,11600,11608,11622,11630,11633,11637,11638,11647,11661,11668,11675,11683,11696,11688,11696,11705,11712,11714,11715,11717,11721,11726,11731,11736,11741,11748,11757,11766,11776,11783,11791,11800,11811,11818,11825,11834,11840,11845,11849,11853,11858,11861,11860,11861,11859,11858,11859,11859,11860,11862,11864,11867,11870,11875,11881,11889,11898,11908,11919,11930,11941,11951,11960,11967,11972,11975,11976
11778,11796,11815,11835,11857,11879,11901,11922,11943,11962,11981,11997,12011,12024,12035,12043,12049,12052,12053,12052,12048,12043,12035,12025,12012,11998,11981,11963,11943,11922,11899,11876,11852,11827,11803,11779,11757,11736,11718,11703,11690,11680,11671,11664,11659,11657,11658,11667,11681,11688,11691,11694,11698,11703,11714,11725,11726,11738,11753,11747,11752,11761,11770,11776,11778,11781,11785,11789,11794,11799,11804,11811,11819,11826,11835,11841,11849,11856,11865,11870,11876,11883,11889,11891,11892,11895,11899,11900,11901,11899,11897,11897,11898,11898,11900,11902,11906,11910,11915,11921,11929,11938,11948,11959,11970,11982,11993,12004,12013,12019,12023,12025,12024
11830,11849,11870,11892,11914,11937,11959,11979,11999,12018,12035,12050,12064,12076,12085,12092,12097,12100,12101,12101,12099,12094,12087,12077,12067,12056,12042,12027,12009,11989,11968,11946,11923,11899,11875,11851,11829,11808,11789,11772,11759,11747,11738,11728,11723,11719,11719,11729,11741,11748,11751,11752,11756,11762,11771,11780,11782,11799,11807,11807,11813,11821,11825,11831,11837,11842,11846,11849,11854,11859,11864,11870,11876,11883,11890,11896,11903,11909,11915,11919,11924,11929,11932,11933,11933,11936,11937,11938,11938,11935,11935,11935,11935,11936,11938,11942,11947,11953,11959,11967,11975,11985,11997,12009,12023,12034,12045,12053,12061,12066,12070,12070,12069
11882,11903,11926,11948,11971,11992,12014,12035,12055,12073,12090,12104,12117,12126,12134,12141,12147,12150,12151,12151,12149,12145,12138,12130,12120,12109,12096,12082,12068,12052,12034,12014,11993,11971,11948,11925,11902,11880,11860,11842,11828,11815,11805,11793,11788,11782,11782,11792,11801,11808,11811,11811,11815,11821,11828,11835,11839,11857,11861,11866,11870,11881,11878,11883,11891,11897,11902,11905,11909,11914,11919,11924,11929,11935,11941,11947,11952,11957,11961,11964,11968,11970,11973,11972,11972,11974,11974,11974,11973,11972,11971,11971,11972,11974,11978,11983,11989,11996,12004,12013,12022,12033,12044,12057,12069,12080,12090,12098,12105,12109,12112,12113,12111
11937,11959,11981,12003,12026,12048,12070,12092,12110,12126,12139,12150,12161,12171,12180,12187,12192,12195,12196,12196,12193,12188,12183,12175,12167,12158,12147,12135,12122,12107,12091,12075,12057,12037,12017,11996,11974,11952,11931,11912,11896,11881,11870,11857,11852,11844,11843,11854,11856,11864,11869,11867,11872,11877,11882,11891,11893,11908,11913,11921,11921,11939,11928,11931,11939,11947,11952,11957,11961,11965,11969,11973,11977,11982,11988,11993,11998,12003,12006,12008,12010,12011,12012,12012,12011,12011,12010,12009,12008,12007,12007,12008,12009,12012,12017,12023,12030,12038,12047,12056,12067,12078,12089,12101,12112,12123,12132,12139,12146,12150,12151,12150,12147
11991,12013,12035,12059,12082,12106,12126,12143,12156,12168,12181,12193,12205,12215,12223,12229,12234,12237,12238,12237,12235,12230,12225,12218,12210,12201,12191,12180,12169,12157,12143,12128,12111,12094,12077,12058,12039,12019,11999,11980,11963,11946,11934,11921,11913,11906,11907,11912,11909,11917,11925,11920,11928,11930,11935,11941,11945,11952,11960,11967,11969,11988,11972,11976,11986,11994,11999,12004,12008,12012,12015,12019,12024,12029,12035,12041,12046,12050,12052,12053,12052,12056,12053,12052,12050,12049,12047,12045,12044,12044,12044,12045,12047,12051,12057,12063,12071,12080,12089,12100,12110,12122,12133,12144,12154,12163,12171,12178,12182,12185,12185,12182,12179
12045,12070,12093,12116,12139,12157,12172,12183,12196,12209,12222,12235,12245,12254,12261,12267,12271,12273,12273,12272,12270,12266,12261,12255,12248,12240,12231,12221,12210,12199,12187,12174,12160,12144,12128,12111,12094,12077,12059,12041,12024,12008,11994,11982,11973,11967,11964,11966,11962,11966,11978,11974,11978,11979,11985,11987,11989,12000,11994,12014,12014,12030,12013,12018,12028,12036,12041,12046,12051,12057,12062,12068,12074,12081,12087,12094,12099,12102,12103,12105,12102,12102,12100,12097,12093,12090,12087,12084,12083,12082,12082,12083,12086,12090,12096,12103,12111,12120,12130,12141,12152,12163,12173,12183,12193,12201,12206,12212,12215,12216,12215,12213,12209
12104,12125,12147,12169,12186,12198,12210,12223,12236,12249,12260,12271,12280,12288,12294,12298,12301,12302,12303,12301,12299,12296,12292,12286,12280,12273,12265,12256,12246,12236,12224,12213,12200,12187,12172,12156,12141,12125,12109,12093,12077,12063,12050,12038,12028,12022,12017,12016,12014,12011,12022,12021,12021,12021,12025,12031,12029,12040,12028,12052,12049,12064,12050,12056,12067,12075,12082,12089,12098,12107,12117,12125,12132,12140,12146,12153,12157,12159,12161,12160,12159,12155,12153,12148,12143,12138,12133,12129,12126,12124,12123,12124,12126,12130,12136,12142,12151,12160,12170,12180,12191,12201,12211,12219,12227,12232,12237,12241,12243,12243,12242,12239,12236
12156,12177,12199,12214,12225,12237,12249,12261,12273,12285,12295,12304,12311,12317,12321,12324,12326,12327,12327,12326,12323,12320,12317,12312,12307,12300,12293,12285,12277,12267,12256,12245,12234,12221,12208,12194,12180,12165,12150,12136,12122,12109,12096,12086,12077,12070,12064,12059,12059,12052,12062,12059,12060,12063,12060,12068,12063,12072,12065,12080,12079,12090,12085,12093,12106,12118,12130,12142,12154,12165,12175,12182,12187,12193,12199,12205,12208,12210,12211,12209,12207,12206,12203,12199,12194,12188,12181,12175,12170,12167,12165,12165,12167,12170,12175,12181,12189,12197,12207,12217,12226,12235,12244,12250,12255,12260,12264,12267,12268,12267,12266,12263,12261
12206,12227,12240,12250,12262,12273,12285,12297,12308,12317,12325,12331,12336,12341,12344,12346,12347,12347,12347,12345,12343,12340,12337,12332,12327,12322,12315,12308,12300,12292,12282,12272,12261,12249,12237,12224,12211,12197,12184,12170,12158,12146,12135,12125,12117,12110,12105,12097,12096,12090,12093,12093,12091,12094,12090,12096,12095,12096,12096,12103,12106,12117,12122,12135,12152,12169,12183,12197,12206,12216,12222,12229,12233,12237,12243,12247,12250,12253,12251,12252,12250,12249,12246,12243,12239,12233,12227,12222,12216,12211,12208,12206,12207,12209,12213,12218,12225,12233,12241,12250,12258,12266,12271,12276,12281,12284,12287,12289,12289,12288,12286,12284,12280
12254,12267,12276,12286,12297,12308,12320,12329,12337,12343,12349,12354,12358,12361,12363,12364,12364,12363,12362,12360,12358,12355,12352,12348,12343,12338,12332,12326,12319,12311,12302,12292,12282,12271,12260,12248,12236,12223,12211,12198,12187,12175,12165,12157,12149,12142,12137,12130,12126,12123,12120,12121,12117,12119,12115,12118,12119,12119,12122,12128,12139,12156,12168,12184,12202,12217,12229,12241,12250,12258,12263,12270,12274,12280,12285,12289,12293,12292,12296,12292,12293,12290,12287,12284,12279,12274,12269,12264,12259,12254,12250,12247,12246,12246,12249,12253,12258,12265,12272,12279,12285,12291,12295,12299,12302,12305,12306,12307,12307,12306,12304,12301,12297
12296,12304,12313,12322,12332,12341,12349,12355,12360,12366,12369,12372,12374,12376,12376,12375,12375,12374,12373,12371,12369,12366,12363,12359,12355,12350,12345,12339,12332,12325,12317,12308,12299,12288,12278,12267,12255,12244,12233,12221,12210,12200,12191,12183,12175,12168,12162,12157,12151,12148,12143,12143,12138,12138,12135,12136,12138,12140,12150,12163,12180,12200,12215,12229,12244,12257,12269,12280,12289,12297,12303,12309,12313,12318,12323,12326,12330,12331,12330,12331,12329,12327,12324,12320,12317,12312,12307,12303,12298,12293,12289,12285,12282,12281,12282,12284,12287,12292,12298,12303,12307,12311,12314,12318,12320,12322,12323,12323,12323,12321,12319,12316,12311
12331,12338,12346,12354,12361,12368,12373,12377,12381,12383,12385,12385,12385,12385,12384,12383,12382,12381,12380,12378,12376,12373,12370,12366,12362,12358,12353,12348,12342,12335,12327,12319,12311,12301,12291,12281,12271,12260,12250,12240,12230,12220,12212,12203,12196,12189,12182,12176,12171,12166,12161,12158,12156,12153,12153,12153,12159,12167,12185,12202,12222,12241,12253,12266,12280,12293,12306,12317,12325,12332,12337,12341,12346,12350,12354,12358,12360,12362,12362,12361,12360,12358,12355,12352,12349,12345,12341,12336,12332,12327,12322,12318,12314,12312,12310,12310,12312,12315,12318,12321,12324,12327,12330,12331,12334,12335,12336,12336,12335,12333,12330,12326,12320
12361,12367,12373,12380,12386,12390,12392,12394,12394,12395,12394,12393,12391,12390,12389,12387,12386,12385,12383,12381,12379,12377,12374,12370,12367,12363,12358,12353,12348,12341,12335,12327,12319,12311,12302,12293,12283,12274,12264,12255,12245,12236,12227,12219,12211,12203,12196,12190,12184,12179,12175,12170,12169,12165,12168,12173,12188,12204,12225,12241,12257,12273,12288,12301,12316,12328,12339,12348,12355,12360,12365,12369,12374,12379,12383,12386,12387,12387,12388,12387,12386,12384,12382,12380,12376,12373,12369,12364,12360,12355,12351,12346,12341,12337,12334,12332,12331,12332,12333,12335,12337,12338,12340,12343,12344,12346,12346,12346,12345,12342,12339,12333,12328
12385,12391,12396,12401,12404,12406,12406,12405,12403,12401,12399,12397,12394,12392,12389,12388,12387,12385,12384,12381,12379,12377,12374,12371,12368,12364,12360,12355,12350,12345,12339,12332,12325,12318,12309,12301,12292,12283,12274,12265,12256,12247,12238,12229,12220,12212,12205,12199,12193,12187,12184,12177,12179,12179,12189,12201,12221,12238,12257,12271,12287,12304,12321,12333,12345,12356,12365,12373,12380,12385,12390,12396,12400,12402,12405,12406,12408,12409,12409,12409,12408,12407,12405,12402,12399,12395,12391,12387,12382,12377,12372,12367,12361,12356,12351,12347,12345,12344,12343,12343,12344,12345,12348,12350,12352,12354,12354,12353,12351,12348,12344,12339,12333
12406,12411,12415,12417,12417,12415,12413,12410,12407,12404,12400,12397,12392,12390,12388,12387,12385,12383,12381,12378,12376,12373,12371,12368,12365,12362,12358,12354,12350,12345,12340,12334,12328,12321,12314,12306,12298,12290,12281,12271,12262,12252,12243,12234,12226,12218,12211,12204,12198,12193,12189,12187,12191,12198,12217,12234,12253,12268,12287,12302,12319,12334,12349,12359,12369,12378,12389,12396,12401,12409,12414,12416,12418,12420,12422,12425,12426,12427,12427,12427,12426,12425,12423,12420,12416,12412,12408,12403,12399,12393,12388,12382,12376,12370,12363,12358,12354,12351,12348,12347,12346,12348,12352,12355,12358,12359,12359,12358,12356,12352,12348,12343,12336
12421,12424,12426,12426,12423,12420,12416,12412,12407,12403,12399,12394,12389,12387,12385,12383,12381,12378,12376,12372,12370,12367,12364,12362,12359,12357,12354,12351,12347,12343,12339,12334,12328,12322,12315,12308,12300,12292,12283,12273,12264,12255,12245,12237,12229,12221,12214,12207,12202,12197,12196,12199,12208,12225,12245,12263,12281,12296,12313,12329,12345,12358,12370,12380,12389,12400,12408,12418,12429,12431,12431,12430,12432,12435,12438,12440,12442,12442,12442,12442,12440,12438,12436,12433,12429,12425,12420,12415,12410,12404,12398,12392,12385,12377,12371,12364,12359,12354,12350,12346,12347,12350,12354,12358,12361,12362,12362,12361,12359,12355,12351,12345,12338
12431,12433,12432,12429,12424,12420,12414,12410,12406,12402,12397,12391,12385,12382,12380,12379,12376,12372,12368,12364,12361,12358,12355,12353,12351,12349,12347,12345,12342,12339,12335,12331,12326,12320,12313,12306,12299,12291,12282,12273,12264,12254,12246,12237,12230,12222,12216,12210,12205,12204,12206,12215,12233,12252,12271,12289,12307,12325,12338,12353,12366,12378,12387,12398,12408,12416,12429,12440,12445,12445,12440,12442,12446,12449,12451,12452,12453,12453,12453,12452,12450,12448,12445,12442,12438,12433,12428,12423,12417,12410,12404,12397,12388,12382,12375,12368,12361,12355,12350,12346,12346,12348,12354,12359,12362,12363,12364,12363,12361,12357,12352,12346,12338
12437,12436,12432,12428,12421,12415,12410,12406,12403,12398,12394,12388,12382,12379,12376,12373,12369,12365,12359,12354,12349,12346,12343,12341,12340,12340,12339,12337,12335,12333,12329,12325,12321,12315,12309,12303,12295,12288,12280,12271,12262,12253,12245,12237,12230,12223,12217,12213,12211,12213,12223,12239,12258,12277,12297,12314,12332,12350,12354,12376,12381,12393,12402,12413,12422,12430,12444,12452,12454,12450,12449,12454,12457,12459,12460,12460,12461,12461,12460,12458,12457,12454,12451,12447,12443,12438,12432,12426,12420,12413,12406,12397,12390,12383,12375,12368,12361,12355,12350,12345,12345,12348,12354,12358,12362,12365,12365,12364,12362,12358,12352,12345,12338
12437,12433,12427,12421,12415,12411,12407,12404,12402,12398,12393,12388,12382,12377,12373,12369,12363,12357,12349,12342,12336,12332,12329,12328,12327,12327,12328,12327,12326,12325,12322,12319,12315,12310,12304,12298,12291,12284,12276,12269,12260,12252,12245,12237,12231,12225,12221,12219,12221,12229,12244,12263,12283,12303,12320,12338,12351,12370,12378,12389,12396,12407,12416,12424,12433,12443,12451,12461,12462,12456,12460,12463,12464,12465,12466,12466,12466,12465,12464,12462,12460,12457,12453,12450,12445,12440,12435,12428,12421,12413,12404,12395,12387,12381,12374,12367,12362,12356,12350,12347,12345,12347,12352,12357,12363,12366,12366,12365,12362,12358,12352,12344,12336
12431,12424,12417,12412,12407,12404,12402,12400,12400,12399,12395,12390,12384,12378,12373,12367,12358,12349,12338,12329,12322,12317,12314,12313,12313,12314,12315,12316,12316,12315,12314,12311,12307,12303,12298,12293,12287,12281,12274,12266,12259,12252,12245,12238,12233,12229,12227,12228,12236,12250,12268,12288,12308,12326,12342,12358,12371,12384,12394,12397,12411,12417,12427,12433,12446,12452,12458,12467,12465,12463,12466,12468,12469,12469,12469,12469,12468,12467,12465,12463,12460,12457,12454,12450,12446,12441,12435,12428,12420,12411,12400,12391,12384,12378,12372,12364,12359,12354,12350,12348,12348,12349,12352,12357,12363,12366,12367,12365,12362,12357,12351,12343,12334
12422,12411,12404,12399,12397,12396,12399,12397,12398,12399,12398,12394,12388,12382,12375,12367,12357,12345,12331,12319,12311,12304,12301,12300,12300,12302,12304,12306,12307,12307,12306,12304,12301,12297,12293,12289,12283,12278,12272,12265,12258,12252,12246,12241,12237,12235,12237,12244,12257,12274,12294,12313,12330,12346,12362,12375,12387,12396,12406,12412,12418,12425,12436,12445,12449,12456,12463,12467,12468,12471,12472,12472,12472,12472,12471,12470,12468,12466,12463,12461,12458,12455,12452,12449,12445,12441,12435,12428,12419,12407,12396,12387,12379,12374,12368,12366,12361,12358,12355,12354,12354,12352,12353,12357,12364,12367,12368,12366,12362,12356,12350,12341,12333
12407,12396,12385,12382,12385,12387,12395,12398,12397,12398,12400,12398,12394,12388,12380,12371,12360,12347,12331,12316,12305,12297,12292,12291,12291,12293,12296,12298,12300,12300,12300,12298,12295,12292,12289,12285,12281,12276,12270,12265,12259,12254,12249,12246,12244,12246,12253,12266,12282,12300,12318,12335,12351,12365,12378,12390,12401,12407,12415,12421,12427,12436,12443,12452,12457,12463,12467,12469,12472,12474,12475,12475,12474,12472,12471,12469,12467,12463,12460,12457,12454,12451,12449,12446,12444,12440,12435,12428,12418,12406,12393,12384,12377,12373,12366,12364,12361,12359,12360,12360,12356,12357,12358,12361,12364,12368,12368,12366,12362,12356,12349,12340,12331
12390,12375,12364,12361,12369,12378,12387,12395,12399,12398,12401,12402,12399,12394,12387,12379,12368,12354,12340,12326,12314,12304,12299,12296,12296,12298,12300,12302,12304,12304,12304,12302,12299,12296,12292,12288,12283,12278,12272,12267,12262,12259,12256,12256,12259,12267,12278,12292,12307,12324,12340,12356,12370,12382,12393,12402,12410,12417,12422,12430,12439,12440,12452,12457,12460,12466,12471,12475,12477,12477,12477,12475,12474,12472,12470,12466,12463,12459,12455,12451,12448,12446,12444,12443,12441,12439,12435,12429,12420,12407,12394,12384,12377,12374,12369,12368,12370,12368,12369,12368,12368,12368,12367,12366,12367,12369,12370,12367,12363,12356,12348,12339,12330
12369,12349,12335,12334,12346,12365,12377,12386,12396,12399,12401,12404,12404,12401,12396,12388,12378,12368,12356,12345,12334,12325,12320,12316,12316,12317,12319,12320,12321,12320,12320,12318,12315,12312,12307,12302,12298,12292,12287,12282,12279,12276,12276,12279,12285,12294,12304,12317,12331,12346,12361,12374,12386,12396,12405,12412,12418,12424,12430,12439,12449,12448,12457,12461,12466,12471,12475,12478,12479,12478,12477,12475,12473,12470,12467,12462,12458,12453,12449,12444,12442,12440,12439,12439,12438,12437,12434,12430,12423,12411,12399,12388,12383,12380,12379,12380,12381,12383,12384,12384,12383,12381,12379,12376,12374,12372,12371,12368,12363,12356,12348,12339,12330
12344,12318,12304,12306,12322,12346,12366,12378,12389,12400,12401,12405,12407,12405,12403,12397,12390,12381,12372,12363,12354,12346,12340,12337,12336,12335,12336,12336,12337,12337,12336,12334,12331,12328,12325,12322,12318,12314,12310,12307,12305,12304,12304,12307,12312,12319,12328,12341,12354,12367,12379,12390,12400,12408,12414,12421,12425,12431,12437,12445,12453,12453,12461,12464,12468,12474,12477,12480,12480,12479,12477,12474,12471,12468,12463,12459,12454,12448,12443,12438,12435,12434,12433,12434,12435,12435,12435,12432,12426,12418,12409,12400,12395,12393,12393,12394,12396,12398,12399,12398,12396,12393,12390,12386,12382,12378,12374,12369,12364,12357,12349,12340,12331
12318,12287,12275,12284,12306,12329,12354,12373,12381,12398,12400,12405,12409,12409,12408,12405,12400,12394,12388,12381,12372,12364,12361,12357,12356,12355,12355,12354,12354,12353,12351,12349,12347,12344,12341,12338,12335,12332,12329,12328,12327,12327,12328,12331,12336,12343,12353,12362,12374,12384,12394,12404,12412,12417,12423,12427,12431,12438,12444,12450,12458,12459,12464,12466,12472,12474,12478,12480,12479,12478,12475,12471,12468,12465,12460,12455,12449,12442,12436,12430,12426,12427,12428,12431,12433,12435,12436,12435,12432,12427,12421,12414,12409,12408,12407,12409,12410,12411,12411,12410,12407,12404,12400,12395,12389,12385,12379,12371,12365,12358,12350,12341,12332
12294,12262,12252,12267,12294,12319,12344,12369,12375,12392,12399,12407,12412,12413,12413,12411,12409,12404,12400,12395,12389,12382,12382,12378,12377,12375,12375,12373,12372,12370,12369,12367,12364,12362,12359,12356,12354,12351,12349,12348,12348,12349,12351,12355,12360,12366,12372,12380,12390,12399,12408,12416,12421,12425,12429,12432,12438,12443,12449,12455,12459,12464,12465,12470,12473,12474,12477,12479,12477,12475,12472,12468,12466,12462,12457,12453,12448,12442,12435,12427,12425,12427,12428,12433,12436,12439,12440,12440,12437,12436,12431,12427,12424,12423,12423,12424,12424,12423,12422,12420,12417,12413,12409,12404,12397,12391,12385,12376,12367,12360,12352,12343,12335
12279,12247,12240,12256,12285,12315,12341,12368,12375,12390,12400,12408,12413,12415,12416,12415,12415,12412,12410,12406,12403,12399,12399,12396,12395,12393,12391,12389,12388,12386,12384,12383,12381,12379,12376,12373,12371,12370,12369,12369,12370,12371,12373,12375,12379,12383,12389,12396,12405,12412,12420,12425,12429,12431,12434,12438,12444,12449,12454,12458,12463,12467,12468,12472,12474,12476,12476,12478,12475,12473,12469,12465,12463,12461,12456,12451,12446,12437,12429,12424,12428,12430,12435,12438,12442,12443,12445,12447,12444,12445,12441,12439,12437,12437,12437,12436,12435,12433,12430,12427,12424,12420,12415,12411,12405,12398,12391,12383,12371,12361,12354,12346,12338
12273,12243,12239,12253,12280,12312,12342,12369,12380,12393,12403,12412,12416,12419,12421,12421,12421,12420,12419,12417,12415,12413,12412,12411,12410,12408,12407,12404,12402,12400,12399,12397,12395,12393,12390,12388,12386,12386,12386,12387,12387,12388,12390,12392,12396,12400,12404,12410,12416,12423,12428,12433,12434,12437,12439,12443,12448,12453,12458,12462,12466,12467,12474,12475,12476,12476,12475,12476,12471,12469,12465,12463,12462,12459,12455,12451,12444,12438,12436,12428,12429,12429,12434,12437,12447,12449,12450,12452,12451,12451,12450,12449,12448,12448,12447,12445,12443,12440,12437,12434,12431,12427,12422,12417,12412,12405,12398,12390,12378,12366,12356,12350,12342
12279,12251,12247,12260,12288,12313,12345,12369,12385,12396,12408,12416,12419,12423,12425,12427,12427,12427,12427,12426,12425,12424,12424,12424,12423,12422,12420,12417,12414,12412,12411,12409,12408,12405,12403,12401,12400,12400,12401,12401,12402,12402,12404,12407,12409,12412,12416,12421,12427,12432,12436,12438,12439,12441,12443,12447,12453,12456,12461,12463,12468,12470,12472,12472,12479,12477,12475,12475,12469,12467,12463,12462,12462,12460,12456,12449,12445,12443,12437,12432,12433,12436,12442,12448,12449,12452,12454,12455,12455,12455,12456,12456,12456,12456,12455,12453,12450,12446,12443,12439,12436,12432,12429,12424,12419,12412,12404,12396,12386,12373,12362,12353,12347
12295,12267,12263,12278,12304,12324,12348,12374,12390,12402,12412,12419,12423,12428,12430,12432,12433,12433,12434,12434,12433,12434,12434,12434,12435,12433,12431,12427,12425,12423,12422,12421,12420,12417,12415,12413,12413,12413,12413,12414,12414,12415,12416,12419,12421,12424,12428,12432,12436,12439,12441,12442,12443,12443,12446,12451,12457,12460,12468,12468,12471,12472,12474,12475,12477,12479,12473,12472,12467,12467,12464,12461,12460,12459,12457,12451,12446,12442,12443,12439,12441,12444,12449,12452,12455,12457,12458,12458,12459,12460,12462,12463,12462,12461,12460,12454,12453,12451,12449,12444,12442,12438,12435,12430,12425,12419,12412,12404,12395,12383,12370,12360,12352
12321,12294,12289,12307,12322,12335,12355,12377,12393,12408,12415,12424,12427,12432,12435,12437,12438,12439,12440,12440,12441,12442,12443,12444,12444,12442,12439,12436,12434,12433,12433,12431,12429,12427,12424,12423,12423,12423,12422,12423,12423,12425,12427,12429,12431,12433,12437,12440,12443,12445,12445,12445,12445,12446,12448,12453,12458,12463,12471,12472,12471,12473,12475,12478,12475,12477,12473,12472,12468,12466,12464,12462,12461,12458,12456,12452,12449,12447,12444,12444,12445,12450,12453,12455,12456,12458,12458,12461,12463,12465,12466,12466,12465,12464,12456,12468,12479,12470,12459,12448,12444,12442,12439,12435,12431,12426,12419,12412,12404,12393,12382,12370,12361
12350,12325,12324,12328,12336,12348,12367,12386,12401,12412,12420,12429,12433,12435,12438,12441,12443,12444,12445,12446,12447,12448,12451,12452,12451,12449,12447,12444,12443,12442,12441,12440,12439,12436,12434,12432,12431,12430,12430,12430,12432,12434,12436,12438,12440,12443,12444,12447,12448,12449,12448,12447,12446,12447,12449,12455,12459,12464,12470,12473,12470,12472,12473,12474,12475,12475,12472,12470,12468,12466,12465,12463,12461,12460,12457,12455,12451,12450,12448,12449,12452,12456,12457,12458,12459,12461,12459,12464,12466,12467,12468,12467,12467,12459,12465,12485,12480,12475,12462,12450,12448,12447,12444,12441,12437,12432,12426,12420,12413,12404,12394,12383,12373
12376,12357,12349,12349,12355,12368,12383,12396,12407,12417,12424,12433,12437,12438,12442,12445,12446,12448,12449,12450,12452,12454,12457,12459,12460,12457,12454,12450,12449,12449,12449,12448,12446,12442,12439,12438,12437,12437,12437,12438,12440,12444,12446,12447,12448,12450,12450,12451,12451,12452,12451,12454,12451,12450,12450,12456,12460,12466,12469,12470,12470,12471,12472,12474,12475,12474,12471,12470,12468,12469,12467,12465,12464,12463,12460,12457,12455,12453,12453,12455,12458,12460,12460,12462,12462,12463,12460,12465,12466,12468,12467,12468,12463,12466,12484,12465,12454,12460,12457,12451,12451,12450,12448,12445,12442,12438,12433,12427,12421,12414,12406,12396,12387
12395,12382,12373,12373,12378,12388,12397,12406,12414,12422,12430,12437,12441,12443,12445,12447,12450,12452,12454,12455,12457,12460,12463,12468,12472,12473,12466,12459,12452,12452,12456,12457,12454,12448,12444,12443,12443,12443,12443,12445,12447,12450,12452,12456,12453,12455,12454,12455,12454,12454,12453,12454,12450,12451,12452,12457,12462,12469,12469,12471,12470,12470,12471,12472,12472,12472,12471,12470,12468,12470,12466,12465,12467,12463,12463,12459,12458,12458,12458,12459,12461,12463,12463,12466,12464,12464,12464,12467,12467,12469,12467,12468,12461,12474,12477,12460,12456,12454,12453,12455,12454,12453,12451,12448,12445,12442,12438,12433,12428,12422,12415,12409,12401
12411,12401,12394,12394,12398,12403,12409,12415,12421,12428,12434,12440,12444,12446,12447,12451,12453,12455,12457,12460,12462,12465,12470,12476,12482,12491,12489,12486,12477,12451,12451,12450,12445,12449,12437,12443,12446,12447,12449,12450,12452,12454,12460,12462,12457,12459,12457,12457,12456,12455,12454,12453,12451,12452,12454,12458,12463,12466,12469,12471,12469,12470,12470,12470,12469,12470,12470,12469,12471,12471,12469,12470,12467,12463,12463,12464,12461,12460,12461,12463,12463,12463,12466,12469,12467,12466,12465,12468,12466,12466,12465,12467,12460,12472,12467,12460,12461,12459,12457,12456,12456,12454,12452,12450,12447,12445,12442,12437,12433,12428,12423,12417,12412
